162.34438515904122
61.372008650862895
62.80059202018652
61.71226570702473
62.00297398101316
61.73511209964399
61.65319100727651
61.44142005870585
60.53463845964327
54.01365358126343
42.21459792652606
24.75382760344574
22.987643279707815
23.515266024105614
23.687773374635007
23.835340954730306
23.492031208691994
23.174408925310043
12.66876958874015
9.721927558235842
5.455887676248474
5.573698524687728
5.578459678188279
5.537904580803801
5.501071409628392
4.479484339243458
3.5573961156743175
1.9121819115285654
1.3596275894040528
1.2858794811279712
1.2942592622357978
1.2963114973570307
1.2976057431591634
1.287509995079765
1.238283085650007
1.0974436965198069
0.7964876315989081
0.4000041185140856
0.10353118161616798
0.01789378557617213
