0
11.508829832077026
19.411681652069092
25.785837411880493
32.095367193222046
38.42122173309326
44.75232815742493
50.89217925071716
57.2533061504364
63.602678537368774
69.93747186660767
76.28799939155579
82.8449022769928
89.17846608161926
95.35242128372192
101.67246055603027
107.97188210487366
114.33627319335938
122.80477690696716
129.06600260734558
135.3284876346588
141.6024353504181
147.84387826919556
154.14907503128052
160.41208791732788
166.6540961265564
172.88728499412537
179.16118454933167
185.45378971099854
191.72854208946228
198.0252583026886
204.54177618026733
210.7886357307434
217.05384254455566
223.33682680130005
229.61727499961853
235.9741771221161
242.2001132965088
248.4686460494995
254.83278608322144
