5595.412843593695
131.85064452874144
107.32712441975696
18.362130113538342
10.508365151747512
2.013966283179343
1.9447280959709587
1.923868231868255
1.877227420915915
1.7566852599504728
1.5683845884636867
0.7643357659376306
0.5428612435764535
0.5222745637802291
0.5198593239613274
0.5176764887155514
0.5071532104389007
0.4845509419708378
0.45044818911173934
0.4171527597977729
0.3659766212570048
0.24547408656599146
0.11119399575136413
0.019726227876390112
0.011799027247434424
0.010802455876500971
0.01038917936807593
0.010262235250593221
0.009648561442418213
0.007845629729899883
0.002458074263358867
0.0005506401507773262
0.00036838401274508215
0.0003632156135608966
0.00036208707729201706
0.0003586677071325539
0.000348830234088382
0.0003203974383723107
0.0002543313980822859
0.0001460255125493859
5.105705054120335e-05
1.0249581464449875e-05
3.704454684338998e-06
3.530888989189407e-06
3.520636937537347e-06
3.47347167917178e-06
3.379849431439652e-06
3.0951769076636992e-06
2.5046037990250625e-06
1.4101331089477753e-06
4.043472472403664e-07
3.521768121572677e-08
6.2252638599602506e-09
5.571337169385515e-09
5.53723111806903e-09
5.5108557717176154e-09
5.4928932513576e-09
5.354650056688115e-09
5.002675607101992e-09
3.091372491326183e-09
8.128608897095546e-10
4.320099833421409e-12
