5595.412843593695
250.95516513615235
13.384136949273397
1.3572676854162182
0.1023347818527327
0.00760194804161074
1.556644474476343e-05
1.0340954759158194e-09
1.482476363889873e-10
1.3210410543251783e-10
1.3233147910796106e-10
1.3233147910796106e-10
1.3233147910796106e-10
1.3233147910796106e-10
1.3233147910796106e-10
1.3233147910796106e-10
1.3233147910796106e-10
1.3233147910796106e-10
1.3233147910796106e-10
1.3233147910796106e-10
1.3233147910796106e-10
1.3233147910796106e-10
1.3233147910796106e-10
1.3233147910796106e-10
1.3233147910796106e-10
1.3233147910796106e-10
1.3233147910796106e-10
1.3233147910796106e-10
1.3233147910796106e-10
1.3233147910796106e-10
1.3233147910796106e-10
1.3233147910796106e-10
1.3233147910796106e-10
1.3233147910796106e-10
1.3233147910796106e-10
1.3233147910796106e-10
1.3233147910796106e-10
1.3233147910796106e-10
1.3233147910796106e-10
1.3233147910796106e-10
1.3233147910796106e-10
