5595.412843593695
250.95516513615235
13.384136949273397
1.3572676854162182
0.15590790008445765
0.12699678395551928
0.02632966003375259
0.014435990643505647
9.170831162919058e-06
2.0064589989488013e-08
1.124817572417669e-09
1.4938450476620346e-10
1.750777300912887e-11
1.7280399333685637e-11
1.546140993013978e-11
1.5688783605583012e-11
1.6143530956469476e-11
1.1368683772161603e-12
2.0463630789890885e-12
2.0463630789890885e-12
2.0463630789890885e-12
2.0463630789890885e-12
2.0463630789890885e-12
2.0463630789890885e-12
2.0463630789890885e-12
2.0463630789890885e-12
2.0463630789890885e-12
2.0463630789890885e-12
2.0463630789890885e-12
2.0463630789890885e-12
2.0463630789890885e-12
2.0463630789890885e-12
2.0463630789890885e-12
2.0463630789890885e-12
2.0463630789890885e-12
2.0463630789890885e-12
2.0463630789890885e-12
2.0463630789890885e-12
2.0463630789890885e-12
2.0463630789890885e-12
2.0463630789890885e-12
