10.772554836416193
16.45963760596052
5.100488102664085
4.717040532764178
0.419503219641496
0.17151248338231498
0.11145187107429956
0.1535973501965044
0.5304176591076426
0.5431396742623958
0.7739735322706403
0.2370490799241767
0.06354461250656443
0.034876347384828664
0.04055407031941084
0.10093738923146112
0.1820085944377593
0.47509733692362915
0.1075147684382714
0.5246953463091112
0.05692134356564894
0.19427439737226682
0.133818099859632
0.030861701358805938
0.018516033675487
0.014545955428955952
0.010317766084646485
0.006822611302971664
0.019025742260374828
0.031970378768673126
0.013028875797260702
0.0009265915259534704
0.0009117487658567962
0.0009212551178954226
0.0011521624651634997
0.0016571086118341311
0.0023944490953033554
0.0028926417675702106
0.0023650918089962486
0.001069166021941429
0.00047547703376036785
0.00024272350280513997
9.43973481849436e-05
9.216402018392507e-05
0.00011600295925522242
0.0001902498537724575
0.00035505728422944487
0.0005675474638344499
0.0007098250095107583
0.0005538149248867933
0.0001767705503331503
2.6389271976925323e-05
5.0209402052360305e-06
4.314055085424499e-06
3.3589612259998875e-06
3.408481641626732e-06
4.723013122786529e-06
6.553655195586808e-06
1.228769936237479e-05
8.386516142196651e-06
9.126723578526989e-07
