86.16080819312592
25.300798323243992
5.753365874362395
1.5394875925396974
0.2580149130481965
0.06351329987066046
0.11574504961785075
0.054186180386046
0.004445292795632011
0.00015436658104852623
3.110707123054707e-06
4.262602891867496e-06
1.0950405354998099e-06
3.5832951657393444e-07
3.1984308772211376e-07
2.8792345947116086e-07
2.878630191700151e-07
2.4271031130030086e-07
1.0268106697926204e-07
1.0268106697926204e-07
1.0268106697926204e-07
1.0268106697926204e-07
1.0268106697926204e-07
1.0268106697926204e-07
1.0268106697926204e-07
1.0268106697926204e-07
1.0268106697926204e-07
1.0268106697926204e-07
1.0268106697926204e-07
1.0268106697926204e-07
1.0268106697926204e-07
1.0268106697926204e-07
1.0268106697926204e-07
1.0268106697926204e-07
1.0268106697926204e-07
1.0268106697926204e-07
1.0268106697926204e-07
1.0268106697926204e-07
1.0268106697926204e-07
1.0268106697926204e-07
1.0268106697926204e-07
