136.0984486197334
29.74315969293536
22.60115702546482
22.15003276682956
13.453861464149048
13.319811415650824
5.690042454424984
4.473881359535051
0.05278810735614917
0.0034704219143509335
0.0012354903944315058
0.0004075894289473013
0.00015251611875459882
0.0001513070848201817
0.0001505841781499873
0.0001504465706974764
0.00015044646214540006
5.2080325538914276e-05
5.188983009943051e-05
5.188983009221971e-05
5.188983008861432e-05
5.188983008861432e-05
5.188983008861432e-05
5.188983008861432e-05
5.188983008861432e-05
5.188983008861432e-05
5.188983008861432e-05
5.188983008861432e-05
5.188983008861432e-05
5.188983008861432e-05
5.188983008861432e-05
5.188983008861432e-05
5.188983008861432e-05
5.188983008861432e-05
5.188983008861432e-05
5.188983008861432e-05
5.188983008861432e-05
5.188983008861432e-05
5.188983008861432e-05
5.188983008861432e-05
5.188983008861432e-05
