0
11.797475576400757
17.804933071136475
28.848097562789917
35.445749282836914
44.22755455970764
55.13439416885376
61.66160750389099
68.24819922447205
74.76073861122131
81.27948212623596
88.04840731620789
96.8335874080658
105.72553014755249
112.2572431564331
118.77690529823303
125.16172075271606
131.5758090019226
138.07151651382446
144.54387831687927
151.01287531852722
157.49999499320984
163.94100189208984
170.32605361938477
176.8007640838623
183.26735663414001
189.82968139648438
196.41769242286682
202.913565158844
209.61586952209473
215.99039483070374
222.37632966041565
228.83791637420654
235.26540327072144
241.84652423858643
248.37781500816345
254.82821798324585
261.2076106071472
267.69419288635254
274.14427065849304
280.61066794395447
286.9612982273102
293.30571603775024
299.54007482528687
305.9035484790802
312.26841259002686
318.6720497608185
325.2343738079071
331.6913573741913
338.07575964927673
344.45539569854736
350.8708744049072
357.28516721725464
363.76290678977966
370.16716861724854
376.6845922470093
383.1818149089813
389.63786005973816
396.0916998386383
402.5864315032959
408.99596905708313
415.4266152381897
