10.93166732788086
16.970916509628296
23.659900665283203
30.30524730682373
37.799522161483765
45.66777682304382
54.362446784973145
63.33635354042053
72.22873401641846
81.3967456817627
91.42798686027527
100.62618064880371
110.32633566856384
119.92691040039062
129.25184893608093
139.22229194641113
148.0312786102295
158.1278395652771
167.24751806259155
177.59273052215576
187.10919904708862
197.63512015342712
208.28062891960144
219.04191064834595
229.13374948501587
240.05603218078613
251.39429092407227
262.9020166397095
273.5940909385681
285.0240342617035
296.82567524909973
308.787002325058
320.90704441070557
332.4698648452759
344.70224261283875
357.222674369812
368.5062897205353
381.11309266090393
392.6220200061798
405.3514394760132
417.2357885837555
