15.751079082489014
21.91968035697937
30.54141402244568
39.28553771972656
49.00562572479248
58.80974292755127
68.74721789360046
79.09569215774536
90.50527286529541
102.42373609542847
114.46584439277649
126.39065456390381
139.21072459220886
152.38590621948242
166.14446687698364
179.84751963615417
193.6682689189911
208.34771299362183
223.7779359817505
239.51992535591125
253.17138171195984
267.953661441803
282.7158236503601
298.08563685417175
312.2181520462036
327.64646315574646
343.41278409957886
359.22882604599
373.8697955608368
389.91076135635376
406.0636866092682
422.361829996109
438.67594933509827
454.0237147808075
469.22885370254517
486.09450030326843
501.6573507785797
518.4635276794434
533.9875130653381
550.7352271080017
566.6645035743713
