3018.417371846438
332.6425970232508
105.02465362765224
0.14499577821197818
0.011794919089425093
6.032221335772192e-07
4.93561174153001e-07
3.32850049744593e-08
5.494712240761146e-09
8.467395673505962e-10
2.0463630789890885e-12
2.5011104298755527e-12
2.2737367544323206e-12
2.5011104298755527e-12
1.5916157281026244e-12
1.5916157281026244e-12
2.9558577807620168e-12
2.5011104298755527e-12
0.0
2.2737367544323206e-13
0.0
9.094947017729282e-13
9.094947017729282e-13
9.094947017729282e-13
9.094947017729282e-13
9.094947017729282e-13
9.094947017729282e-13
9.094947017729282e-13
9.094947017729282e-13
9.094947017729282e-13
9.094947017729282e-13
9.094947017729282e-13
9.094947017729282e-13
9.094947017729282e-13
9.094947017729282e-13
9.094947017729282e-13
9.094947017729282e-13
9.094947017729282e-13
9.094947017729282e-13
9.094947017729282e-13
9.094947017729282e-13
