59.09654829807855
29.10005757584655
16.339008699111787
0.24788616456161777
0.026675600540750466
0.000522165990802146
4.3286702474505166e-05
2.20084598517811e-05
6.135815546557409e-06
6.5775056922500585e-06
1.0292111490947742e-07
9.836130179322482e-08
9.776798694727433e-08
9.613287315479373e-08
9.109275140443832e-08
9.109275164768003e-08
9.100869454392088e-08
9.084480977700578e-08
1.1459906454614763e-07
4.07660651723482e-08
4.003432988176478e-08
4.002345490325934e-08
4.002345490325934e-08
4.002345490325934e-08
4.002345490325934e-08
4.002345490325934e-08
4.002345490325934e-08
4.002345490325934e-08
4.002345490325934e-08
4.002345490325934e-08
4.002345490325934e-08
4.002345490325934e-08
4.002345490325934e-08
4.002345490325934e-08
4.002345490325934e-08
4.002345490325934e-08
4.002345490325934e-08
4.002345490325934e-08
4.002345490325934e-08
4.002345490325934e-08
4.002345490325934e-08
