125.76207891296865
28.3163020122659
21.07058954277598
13.051917088970205
4.727931644089354
0.023863441455934078
0.023785393318226374
0.0068852837703719146
0.002882196847118708
0.0012179697289820448
6.934870331414602e-05
6.93380028890926e-05
6.933479805353764e-05
6.932945720027117e-05
6.928094807959632e-05
6.92809480588949e-05
6.928028112539578e-05
6.927894727398364e-05
1.4518175570549138e-05
1.4488973367186446e-05
1.448806903409342e-05
1.4488054919579925e-05
1.4488054906404531e-05
1.4488054904800545e-05
1.4488054904800545e-05
1.4488054904800545e-05
1.4488054904800545e-05
1.4488054904800545e-05
1.4488054904800545e-05
1.4488054904800545e-05
1.4488054904800545e-05
1.4488054904800545e-05
1.4488054904800545e-05
1.4488054904800545e-05
1.4488054904800545e-05
1.4488054904800545e-05
1.4488054904800545e-05
1.4488054904800545e-05
1.4488054904800545e-05
1.4488054904800545e-05
1.4488054904800545e-05
