16.26842164993286
22.37603187561035
30.68519616127014
39.34796619415283
48.802305459976196
59.15251326560974
69.27334022521973
79.80455040931702
90.90618968009949
102.2009334564209
113.98726558685303
126.28752827644348
138.56509137153625
151.39785194396973
164.83577346801758
178.38319039344788
192.1295485496521
206.71681928634644
221.86818051338196
237.51270580291748
253.49076795578003
269.6794505119324
286.43078112602234
301.0016269683838
316.79327178001404
331.4246349334717
347.59095287323
363.87367606163025
379.2750790119171
395.57642364501953
410.82736921310425
427.3646430969238
444.08679032325745
459.7144911289215
476.75991106033325
492.51443243026733
509.704594373703
527.1162950992584
544.5974659919739
562.4037353992462
579.0486238002777
