0
11.674618005752563
26.452404975891113
32.73859405517578
43.45883274078369
52.139341592788696
58.46632528305054
80.2997260093689
104.62246656417847
117.56181859970093
123.84919881820679
130.15074157714844
140.72588562965393
151.2895860671997
168.5559160709381
181.31299233436584
198.50255465507507
205.0185170173645
211.50290727615356
222.2054581642151
228.51107716560364
234.75205540657043
245.4426143169403
251.77106928825378
264.54646492004395
275.42553782463074
288.2969391345978
303.3101255893707
316.07830023765564
329.039843082428
339.9003894329071
352.7867257595062
361.3300838470459
374.1050982475281
382.56404638290405
395.4267840385437
401.72988748550415
412.4238793849945
423.12362027168274
429.35737347602844
435.6748516559601
441.94255900382996
448.40674018859863
458.89768409729004
465.17667174339294
473.65958523750305
480.1045341491699
486.4176743030548
492.76509857177734
499.0882828235626
505.4015746116638
511.86638879776
518.2249112129211
524.563235282898
530.8864495754242
537.241626739502
543.5910501480103
549.9517233371735
556.2813069820404
562.6084666252136
569.0576162338257
575.2632923126221
581.3867185115814
587.5193107128143
593.6746129989624
599.9043397903442
606.169579744339
612.4888436794281
618.7336091995239
624.9884312152863
631.2018926143646
637.5486207008362
