498.5325122920988
2.8908811237920418
2.813977217095953
2.809648028932088
2.795375997314977
2.729615682146459
2.6946640340413524
2.6034482768782254
2.5598650366250695
2.4528185408760237
2.362577570137546
2.0690938570555772
1.773773720216468
1.6110154652433266
1.0515326543229548
0.8955427135606442
0.46499433328745
0.29682833842866785
0.2274467281008583
0.22144162776589837
0.22061353453023003
0.21657681275382856
0.2068261167557921
0.1782940764653631
0.1304825488800816
0.06227672990166866
0.021614565775053052
0.012431374605966994
0.011526111240527825
0.011364507818143466
0.01120753204850189
0.01067088968511598
0.009453310846765817
0.0014242632853438408
0.0007221986472814024
0.0004111998318876431
0.00040505842775928613
0.00040393088715973136
0.00039797647946215875
0.0003858329519061954
0.0003527376632064261
0.00028344617521725013
0.0001666709772507602
5.402077226790425e-05
6.872229278087616e-06
3.2259890758723486e-07
