0.4691470741933961
0.14096102289718518
0.13941162765477436
0.1465169528448093
0.18461159058727258
0.8612155157345837
0.24858602472388866
0.821682874909464
0.26848331909398865
1.0923781401109152
0.17538549059965017
1.1087346759733228
0.9174540310367048
0.606903301978973
1.0567032222366097
0.6235018655028142
0.23417338048398237
0.04011374400485505
0.02717652731005851
0.02570871603515722
0.03492333675220926
0.06857511140648842
0.14089788148542207
0.18751278101523208
0.17414057755316786
0.08725648119153358
0.02451942413213312
0.01361856821822333
0.008856072308650795
0.007766412531096619
0.006903736434396472
0.008237625247638672
0.018284617562693367
0.009142849870973352
0.0015201051944429423
0.0010173544745721895
0.0009596638114707292
0.0011859060032519742
0.0020065444218632495
0.0036312979141604517
0.005560371901911021
0.006606615075215638
0.004887506554237968
0.0016979393898117398
0.00019162005523515438
