65.05547828898189
53.66672638219472
53.67325653249847
53.63349042230582
53.50638257523473
52.8609613496931
50.09662349140677
51.666836021840666
49.09426987532772
50.28332678163527
45.1898183126849
46.81175519684657
38.44655276448626
38.36251951974139
33.3867507308277
25.589079390879053
22.18435187796516
20.98995419316487
18.93432799091311
18.357160912430682
18.268476045509754
17.902122411837674
17.180517280141977
15.11539820025207
11.763828213923006
7.101941378338219
4.451042853431232
3.847492039458069
3.8944246730234022
3.934744724085564
3.9487792018118006
3.9254020338735587
3.732535812757127
1.5426169538082841
1.11699752259606
0.853723335561673
0.8621637764630268
0.8611247461554473
0.8546373739688053
0.8391812264332965
0.7925712248853464
0.6854010494849907
0.4809724108767552
0.2398157889061413
0.08717470496223254
0.023283449507809063
