0
12.383455514907837
20.787779808044434
32.160557985305786
38.94662022590637
45.64007091522217
52.73519206047058
64.23325490951538
73.44088959693909
84.79844784736633
91.52602887153625
102.94267868995667
109.70667576789856
118.70757126808167
130.14933013916016
136.87856340408325
145.8916881084442
154.82982182502747
161.47228145599365
168.2169268131256
175.20595908164978
181.9132866859436
188.73609113693237
195.34245347976685
201.9960858821869
208.6883580684662
215.45410823822021
222.4452302455902
229.1071228981018
235.83274459838867
243.6980893611908
250.43018102645874
257.2178201675415
263.92367243766785
270.6053521633148
277.4477391242981
284.2405207157135
291.0747787952423
297.8056483268738
304.55236196517944
311.21995520591736
317.863472700119
324.6384370326996
331.3704152107239
338.1259593963623
344.83860421180725
