1886.0276550243555
3.3726589892350205
3.37031197455228
3.3694935375037716
2.8839422521310496
0.8647593185876303
0.8637562069497733
0.18588122055324163
0.15175848685541382
0.15106474404866788
0.13938161847573838
0.1310644930638034
0.13038464732551347
0.12026017742276451
0.02238434534385192
0.022326110683223988
0.008936433709109792
0.006727466828465367
0.006721667732833225
0.00639778045784567
0.0053455682835448215
0.005341650597216585
0.003746761726787895
0.0015896401727530929
0.001589339777538612
0.0003283396388695792
2.1947688438217483e-05
4.5739484733076097e-07
1.0101075531565584e-09
