7.46667127080159
2.109563548342993
2.1064099597932637
1.3543779674967753
4.792025408007006
0.7516977110563516
0.3511044410981789
4.003346095114368
0.3226632649897234
0.07181563389461469
3.9576398034515523
0.06921292425081048
0.08703934454251493
1.5226671339719269
0.25549379291359564
0.11572476753565258
1.0524968457077761
0.019114977860033758
0.01808882802282501
1.0337541809279513
0.05377320780482143
0.08544226991836228
0.39279579747186205
0.08980295377078411
0.04736457952268008
0.009906258820144443
0.0005612058381596852
4.594549718728753e-05
