9.63820445421826
6.409431253308592
6.409407339437365
6.409538436683234
6.115653427202478
4.919705196184428
4.91969704869417
4.2379600284134495
4.157132076749085
4.157131625601204
4.099506508626805
4.014561801478283
4.014560582134715
3.8577406280900357
1.4185649911941647
1.4185603121070705
0.9371310759532505
0.8708600366676441
0.8708598928143817
0.8524224808959685
0.762647103283109
0.7626456913345
0.5796213920924467
0.2717126207982672
0.2717108117472667
0.050054070611626256
0.029853300366995395
0.006747045949804807
0.0002938034616267329
