0
4.338388204574585
18.70515775680542
31.243529319763184
35.011672496795654
37.28688645362854
52.241381883621216
54.51014018058777
56.774927616119385
71.69558548927307
74.00028467178345
76.28898763656616
91.37401294708252
93.62784838676453
95.88165283203125
110.73501491546631
112.99621391296387
115.24990057945251
130.10113310813904
132.35861706733704
134.6182610988617
149.58082389831543
151.84471368789673
154.09551525115967
168.87967944145203
171.13676977157593
173.3838894367218
175.6544144153595
177.91648149490356
