475.53087064327906
2.2260518332900574
1.9630044529919815
1.9047798709407289
1.8372084867180547
1.8088111724309783
1.7622924225083807
1.6279518661237944
1.6157472689756105
1.5557271726472663
1.514486478273966
1.4064644228344605
1.3604736759559728
1.2389106652883584
1.1956247867744878
1.0552012155794728
0.7669252941559535
0.6053979765947588
0.4020263492268441
0.34039660696771534
0.3394896345785128
0.33841692318173955
0.33826130376291985
0.33379252547638316
0.33196548626187905
0.32426550853233493
0.3157029464791776
0.3012441769715224
0.2970729622888939
0.19096840677343607
0.11092812010383568
0.03693013531096767
0.0327570888223363
0.03250470099055747
0.03234428926180044
0.03126233525154021
0.02910230366092037
0.023052850206113362
0.01304528425589524
0.0041041997153570264
0.0018543936769219727
0.0016299145001994475
0.0016174212103123864
0.001611874720765627
0.0015813533943855873
0.001520017919347083
0.0013580486895534705
0.001034747231642541
0.000534947424512211
0.00012889999970866484
7.617199344167602e-06
2.0235279407643247e-07
1.620155671844259e-07
1.6162039173650555e-07
1.604141743882792e-07
1.5655086826882325e-07
1.453770437365165e-07
1.1604493010963779e-07
6.1868149714428e-08
1.346984390693251e-08
7.746621122350916e-10
1.6825651982799172e-11
2.2737367544323206e-13
