475.53087064327906
98.01600811309822
2.7564642179295333
1.839307317706016
1.8309953567497814
1.8204036247282147
1.6669224810370906
0.6956191333372317
0.21796618592020423
0.0003640583552169119
2.3023204221317428e-05
3.7097152016940527e-08
1.7262209439650178e-09
1.9258550310041755e-10
2.546585164964199e-11
5.002220859751105e-12
2.9558577807620168e-12
3.865352482534945e-12
3.410605131648481e-12
2.9558577807620168e-12
3.637978807091713e-12
3.637978807091713e-12
3.865352482534945e-12
4.547473508864641e-12
9.094947017729282e-13
0.0
0.0
9.094947017729282e-13
2.2737367544323206e-13
4.547473508864641e-13
2.2737367544323206e-13
2.2737367544323206e-13
2.2737367544323206e-13
2.2737367544323206e-13
1.3642420526593924e-12
4.547473508864641e-13
0.0
2.2737367544323206e-13
2.2737367544323206e-13
6.821210263296962e-13
4.547473508864641e-13
