27.91606364699576
11.829450149272903
0.8172649551037919
0.08838430305073425
0.08838916774293615
0.08270607596404055
1.0349685512848728
0.08864916162547747
0.03915307009827994
0.022703786136170287
0.003105833297721851
1.9244455921035172e-05
2.3050784975020746e-05
5.8464584531819255e-06
2.7425185116982026e-07
2.3197845224777806e-07
1.3718598913210258e-07
1.574619193699429e-07
1.2864086966644025e-07
1.2861959281195279e-07
1.2861893822171615e-07
1.2845361479633257e-07
1.283766121068599e-07
1.2681017029794401e-07
4.762791263126083e-08
4.7533450877365036e-08
4.7504230027663024e-08
4.7421727723310334e-08
4.739762938491348e-08
4.739762466640885e-08
4.7397623843373845e-08
4.7397623843373845e-08
4.7397623843373845e-08
4.7397623843373845e-08
4.7482993543218114e-08
2.8529797525527374e-08
2.4071558720614885e-08
2.407106123941588e-08
2.4366284002371026e-08
2.4366157403880045e-08
2.4366158565549743e-08
