0.5224255087126559
0.2792328968621488
0.4903488959604765
0.16967928025480541
0.11602658967698343
0.2302291988391732
0.731593715724398
0.38240937719251716
0.7667755566441911
0.08960744791854516
0.8365947158423573
0.07985354147282754
0.6424489345471924
0.2204247716555523
0.654807674130359
0.6654413221956155
0.7445773175115603
0.21891681704378307
0.033276147284841
0.04160527346769636
0.06069015692098844
0.10151551125684646
0.06515125884665711
0.1225521602813507
0.06723824858800564
0.11612875537111793
0.19095092675232983
0.3273782177432151
0.06078166400873515
0.13161624542234557
0.09960427930712414
0.020369574091156896
0.010103544978146027
0.012247990760068503
0.03422957521554897
0.061039548741390656
0.10030811549790832
0.11491521905305264
0.0691094692925861
0.016851405828293628
0.002423315903248639
0.0019938023688993965
0.0020614608995926263
0.002608056125386174
0.003671639218815395
0.0056456129978568375
0.007812639484302818
0.00836221759625412
0.0053452545400024185
0.0015322901989298678
0.00019936820560677597
1.8058396852785848e-05
1.802775833845205e-05
1.8068169136313354e-05
1.912726833847981e-05
2.4977598443976823e-05
4.0802893810437224e-05
5.848283517458126e-05
4.988333038642098e-05
1.849847510359906e-05
2.0317503864506702e-06
1.1914622844269865e-07
