61.913909709485836
49.505324231577085
49.0121205043206
48.07229986650856
48.27648389174523
47.97364269796388
47.27530970734979
43.38569760776742
45.13877239082644
42.176144806332424
44.562111342111265
39.50993041167279
42.60999063009255
38.707427671803806
40.21657761132394
35.71072391653714
30.315427673061144
25.048351115871746
21.72701245471109
22.305532905112386
22.531810792771577
22.42350714797721
22.296861608297228
22.236526026506187
22.03194021032699
21.930522486201497
21.535671149488902
20.864626752478586
19.580487634224564
17.25399049818371
13.166768847485447
6.823238738223671
6.879322486959746
6.903369498405468
6.896925042641138
6.795093460109092
6.514994762114174
5.572814790794392
3.7681033345859425
1.9915671113488402
1.6721160058609306
1.6664141352093889
1.678240276411422
1.680657262707971
1.6815085862389525
1.6644732116774512
1.5863933522793625
1.3722619400412943
0.9288626506118232
0.39806641712290464
0.08796961609721206
0.01862956702836749
0.017949257319341775
0.017931107588421556
0.01786909691116086
0.017658087063175957
0.017013152251998162
0.01515761143547837
0.010934693268260022
0.004925048785382679
0.0010995592395503136
0.00016552644593330267
3.143369176957692e-05
