61.913909709485836
55.439191209099384
50.08951410853042
48.34287904969242
48.272777423989695
48.15870224302196
40.76418212157697
31.413432979509672
18.58286985383509
0.5256160648194471
0.1690253109094906
0.006583024639175582
0.001491195593284971
0.00047779534595378975
0.00020773085717687824
8.144558752723623e-05
8.133091626194709e-05
8.0886636275929e-05
8.077325605838757e-05
8.07728141289736e-05
8.077280031716324e-05
8.07692649346303e-05
8.076749736093441e-05
8.071094273159383e-05
3.868640856079381e-05
3.8677024947712864e-05
3.867426267023999e-05
3.865311546125563e-05
3.864207552106694e-05
3.864207013171305e-05
3.8642068784397984e-05
3.864206877468076e-05
3.864206876496353e-05
3.86420687552463e-05
3.859792849839926e-05
1.553944840621169e-05
1.5518029723650454e-05
1.5517862750085624e-05
1.5496492935788273e-05
1.5496482523471732e-05
1.5496482483747144e-05
