15.429025888442993
21.46933341026306
29.78477144241333
38.464162826538086
55.11332440376282
64.85828518867493
74.92883324623108
85.20761489868164
95.77380871772766
107.3143744468689
120.14407062530518
132.68829011917114
145.60584592819214
158.91989612579346
172.44292092323303
186.55821180343628
200.62333583831787
215.1544485092163
230.72845339775085
248.8229649066925
265.11955761909485
281.7382047176361
298.9541015625
316.1049997806549
333.68394660949707
351.75677251815796
370.5616753101349
389.35126066207886
408.93789744377136
428.85234355926514
449.31574296951294
468.58381819725037
487.989821434021
509.08890175819397
530.802659034729
553.1420443058014
575.8825917243958
599.1695227622986
623.1315095424652
647.2327373027802
671.9728751182556
