0
11.666378021240234
17.700450658798218
24.344807147979736
32.88751554489136
39.31411075592041
45.693957567214966
52.0871467590332
65.1211416721344
78.1764919757843
87.27854800224304
100.40071034431458
111.18308734893799
124.32501292228699
132.956645488739
145.91336822509766
152.2446744441986
167.7357623577118
176.45688915252686
187.88496088981628
194.35306215286255
200.81834435462952
207.48427486419678
216.14085483551025
222.57476043701172
231.27102136611938
237.7624170780182
244.17561650276184
250.60543370246887
257.26892590522766
263.72845363616943
270.1869056224823
276.6118993759155
283.06694436073303
289.6540925502777
296.1285524368286
302.74124217033386
309.18239998817444
315.56417179107666
322.2468144893646
328.6575093269348
335.05672574043274
341.51067447662354
347.94152569770813
354.52900409698486
360.9986221790314
367.4239675998688
373.76175355911255
380.06983160972595
386.4512779712677
392.8903217315674
399.2744016647339
405.68928694725037
412.23184633255005
418.76760268211365
425.2894649505615
431.6759490966797
438.1296696662903
444.8350443840027
451.2781229019165
457.7574665546417
464.1882712841034
470.61030626296997
