534.57487644932
4.549550565908291
4.54668644013897
4.541504374945177
1.0385941309869793
1.028117523935947
1.0048157612318676
0.9764415002591704
0.9727381900618468
0.9536986734898107
0.765570477633247
0.7650141880475871
0.7636632917725308
0.45748265198794513
0.4513827227067395
0.25746183682120716
0.1526032197306506
0.06474304480754256
0.06451639370290252
0.057845793503034315
0.04224988220083503
0.04219759130744194
0.02345410749340715
0.0047876008333958
4.125008388200513e-07
4.1203304590453627e-07
