7.341821761629023
2.255983793114426
2.2068892854134186
10.112055619454193
1.7428616665561665
1.6114918950627874
9.28036464857632
1.748550193777484
1.6731543766360597
3.6778672033085953
0.7688867417450435
0.7679951413588587
9.965828269925252
0.5702037095521081
0.4106374913439699
0.09162425014397894
2.429253132787687
0.0555046329598131
0.07480930610317522
1.4576323112669782
0.1098880781424699
0.041253655114722815
0.03053434174851448
0.015418300940325962
0.00021351191950345146
