9.99473140636549
7.354468828203239
7.354151268528499
7.3574953044335585
6.314137263862736
6.314134484103976
6.312073211237276
5.422081409245611
5.422043556195451
5.4383922351915945
5.123349631734439
5.1232426256941785
5.123917663235728
6.187930445719343
6.187874530460378
4.108900377372762
3.4353652415933826
2.918003948974234
2.9179971551270985
2.079145347197563
1.947091236104004
1.9470783493143047
0.4224635676988842
0.6437860833437117
0.007023866539718256
0.007023821408425309
