610.6008779453789
9.230703705804217
1.5514046445823624
1.0991782489711568
1.0947363732198028
1.0774602742126262
0.9882180312358742
0.7212865770297867
0.4759995325116506
0.20485850387308346
0.1215581024914627
0.11946286907232206
0.1189493663932808
0.11830498470635575
0.11588309917624429
0.11055250491972402
0.0966544634584352
0.06257274168842741
0.02474439602997336
0.006537305096344426
0.0037851673823752208
0.0035283058221011743
0.0035052411521974136
0.0033821979222921073
0.0031440759410088504
0.002498935831908966
0.001462310699707814
0.00043074189511571603
6.914290634085773e-05
2.873337871278636e-05
2.7382705638956395e-05
