4.557656588846858
1.0687535172218663
0.07870922716583424
0.060050584236611776
0.09010753255198442
0.23944421345775205
0.5928693326826322
0.7027933929934393
0.44588044296862056
0.04248509904511706
0.019290702258679984
0.016887569516103276
0.018285530219689032
0.028294463252685743
0.04440379960184052
0.06604191042147776
0.099955766821507
0.08755945084506167
0.029187983637035092
0.01180190923646269
0.0044546553320171135
0.004271739640867782
0.004890784875507278
0.007517498703079014
0.013000776817173302
0.01738242630667605
0.014206487961475361
0.005510657014441465
0.0007863176269336979
0.0002680003785839401
