0
11.64374566078186
19.521225452423096
25.825642108917236
32.20139002799988
38.48841309547424
44.838977336883545
51.31604766845703
57.597660303115845
63.987706899642944
70.35086870193481
76.70623707771301
82.95772171020508
89.43356657028198
95.80184984207153
102.16363573074341
108.43364143371582
115.08222842216492
121.49263715744019
127.62756562232971
133.91307425498962
140.09657168388367
146.33430647850037
152.696106672287
158.89354038238525
165.13707613945007
171.40617537498474
177.6202757358551
183.8547751903534
190.20279669761658
196.50532150268555
