0
12.820407390594482
20.160759925842285
28.198931217193604
37.55879497528076
43.98693513870239
50.60190534591675
56.96756291389465
70.02521467208862
83.3894715309143
92.10872602462769
105.40875124931335
116.27169919013977
129.2059531211853
137.64761400222778
150.67971444129944
157.05579495429993
172.19315791130066
180.79669833183289
191.521094083786
197.91031312942505
204.47099351882935
210.7638008594513
219.32313346862793
225.6898672580719
234.34835743904114
240.71451377868652
247.1478807926178
253.4489769935608
259.84903860092163
266.15307211875916
272.44141912460327
278.7093086242676
284.9728581905365
291.3768267631531
297.79784965515137
304.1309030056
310.49804973602295
316.85548758506775
323.596293926239
329.91706705093384
336.2302944660187
342.7128372192383
348.9683542251587
355.45285153388977
361.79749751091003
368.1696307659149
374.3679163455963
380.61500573158264
386.8380753993988
393.0709750652313
399.5600824356079
