3767.055394399875
898.1301828364942
271.63344542349546
25.75451493569767
3.715676221392414
3.707373212695302
3.6855654515477454
2.5645330689974344
2.3935483434142952
2.3639195371276855
0.329435905346827
0.24065753881427554
0.07686581643838508
0.00020008396677440032
4.042703949380666e-10
6.480149750132114e-11
5.661604518536478e-11
5.5933924159035087e-11
8.640199666842818e-12
8.185452315956354e-12
1.5916157281026244e-12
1.5916157281026244e-12
1.8189894035458565e-12
1.8189894035458565e-12
1.5916157281026244e-12
2.0463630789890885e-12
4.547473508864641e-13
2.2737367544323206e-13
2.2737367544323206e-13
2.2737367544323206e-13
2.2737367544323206e-13
2.2737367544323206e-13
2.2737367544323206e-13
2.2737367544323206e-13
2.2737367544323206e-13
2.2737367544323206e-13
2.2737367544323206e-13
2.2737367544323206e-13
2.2737367544323206e-13
2.2737367544323206e-13
2.2737367544323206e-13
