78.10907413475238
36.62943358664211
18.256496631716335
4.441553140912879
0.1730420841887946
0.14465993166984523
0.14799532489032188
0.5591054210561119
0.12894462587704955
0.13599206412846224
0.04404060893192281
0.25550279151188604
0.281204674893565
0.0222027698401502
1.7097203342776695e-06
4.771578734392792e-06
1.0723481764631353e-06
5.071092831036735e-07
1.659480291072134e-07
1.6499161730592232e-07
2.3792460929733984e-07
8.635548750282605e-08
8.239353317172327e-08
8.211691196879355e-08
2.8815892897824e-07
1.3733873220813136e-07
5.11213441742079e-08
3.14201285166248e-08
3.14201285166248e-08
3.14201285166248e-08
3.14201285166248e-08
3.14201285166248e-08
3.14201285166248e-08
3.14201285166248e-08
3.14201285166248e-08
3.14201285166248e-08
3.14201285166248e-08
3.14201285166248e-08
3.14201285166248e-08
3.14201285166248e-08
3.14201285166248e-08
