113.92150157483684
91.03900961523878
84.27132759885538
77.95820234222059
70.6204555899945
70.58388384502247
70.40981915185321
59.32712923116307
58.741510227388666
58.46014643736871
23.748061956590544
19.847429880454726
9.293790387678985
0.09524092902017324
0.0008356338386239122
0.00028659906206654246
0.00028610479901940546
0.00028571166098485085
0.00012830070298985613
0.00012828201135949837
5.5461121908428674e-05
5.5311756807930783e-05
5.527519475824887e-05
5.52021577741863e-05
2.9111414091713257e-05
2.9068010601602743e-05
2.903781393901029e-05
2.9007805265329453e-05
2.9007805249467538e-05
2.900780523360562e-05
2.900780522882168e-05
2.900780522403774e-05
2.9007805219253798e-05
2.9007805219253798e-05
2.9007805219253798e-05
2.9007805219253798e-05
2.9007805219253798e-05
2.9007805219253798e-05
2.9007805219253798e-05
2.9007805219253798e-05
2.9007805219253798e-05
