113.92150157483684
71.47085158815597
71.04430500248831
70.44759605287335
70.42079292389482
69.48712296681191
68.88263023598661
63.5753031677729
61.184235793349664
62.960810581633055
51.093733505506215
32.12576320273174
30.506468993223738
30.345948196012863
29.93274511529289
28.302394187615498
25.92175557718412
20.84580821244755
14.561605870277505
9.548916317735719
8.17284093657678
8.314877690204437
8.412171085137228
8.576079102836433
8.647690269224217
8.596507834345623
7.954232954220415
6.06377631528676
3.016560061039568
1.1361264829940838
0.9045296290011405
0.9052286949066193
0.9050284174861405
0.9018999910752119
0.892163291985161
0.8600919410022309
0.7796379263852272
0.6086433361855951
0.3607885717941981
0.15497725188876277
0.10415856204815427
0.10429692366260773
0.10412626496463967
0.09994017245077184
0.09373559102479477
0.07666178121883527
0.05093928001240993
0.022671194813958257
0.005921204331371465
0.0007769435905254802
0.0005250416950860643
