15.263640642166138
21.220261812210083
29.484716653823853
37.81200575828552
46.770771741867065
56.06503868103027
66.1648416519165
76.69091773033142
87.67830657958984
99.0255115032196
111.11041760444641
123.35737419128418
135.7821445465088
149.47926211357117
163.09067153930664
177.0688989162445
191.0597538948059
205.5879361629486
221.18548488616943
236.5845081806183
252.41867399215698
268.4730055332184
285.08682584762573
301.90698623657227
319.6632413864136
337.6980800628662
355.83031964302063
374.87884640693665
392.50565934181213
411.7006108760834
429.8204610347748
448.20367407798767
465.06107687950134
483.5302050113678
502.43916058540344
521.4049258232117
540.408748626709
559.6801953315735
579.1311452388763
599.1763122081757
617.3150107860565
