0
11.796853065490723
17.809781789779663
28.561419248580933
34.912179708480835
43.46842384338379
49.78374743461609
58.354368448257446
66.8873279094696
75.59426164627075
84.06819891929626
90.71869015693665
97.10508394241333
103.73436212539673
110.17061471939087
116.52340698242188
122.87787914276123
129.36018633842468
135.9110550880432
141.99586844444275
148.52061128616333
154.86261320114136
161.22006607055664
167.61139178276062
173.9421467781067
180.69142651557922
187.076313495636
193.6278567314148
199.98033142089844
206.85432052612305
213.1426808834076
219.61874270439148
226.16412019729614
232.57052946090698
239.1766939163208
245.65632367134094
253.4461305141449
261.8417739868164
268.1091206073761
274.30099630355835
280.6446723937988
286.7854743003845
292.98534321784973
300.7730703353882
309.55725502967834
316.0711147785187
324.2957808971405
331.44712924957275
337.7725169658661
344.0615267753601
350.24079847335815
