3032.1533508016096
0.36164304460220364
0.3609499262199165
0.27294287990251576
0.23914343021139928
0.23848300642342224
0.20253474889589995
0.15615259375810808
0.15582544101731344
0.15176524342656705
0.07369919641911338
0.07364555171909615
0.07353289493667603
0.05285232824020625
0.05274355787466334
0.05271036946068364
0.0474889723083578
0.04743634054125323
0.04730195198150966
0.03174451761121588
0.03167257659484335
0.03155073504184713
0.028988895832526396
0.02384117150933207
0.023796116639786646
0.015045594637314252
0.0046706818260418
0.004662149310689756
0.0019043011131856247
0.00148042627243683
0.0014785963770265198
0.0013012630708288953
0.001215096201661936
0.0009869744687875937
0.0009856226184439265
0.0006307342020903661
0.00022224514539459506
0.0002221168904696924
3.6754859195298195e-05
2.1198821258394673e-06
3.0114790661173174e-08
