4.345409037969285
1.6828907277513083
1.030348805347291
3.232871591222812
1.3117270703614805
0.7279370157497208
2.6129333497194587
0.982476921822074
0.45976702594986485
1.5375667463490452
0.4826923993056574
0.4798128857133627
1.8790382987543586
0.41868648271503756
0.4164856466314878
1.49727777247733
0.34683065314798034
0.34506726571577523
1.599025449105259
0.06928110264680735
0.0655876178989105
0.13814160289895555
1.4035094505224202
0.08442011177131502
0.02780421143681573
1.0807911439492863
0.03897105471070629
0.02129266588424176
0.9686613868078838
0.009865363520091356
0.010701336271144607
0.008112051604812823
0.8319660094012927
0.0101197696808395
0.01177590713173927
0.25455308606256694
0.009545552762514346
0.003976115101508599
0.0018265385409944983
3.514198260326343e-05
