5.15549664694006
2.2405141185031994
2.240511646286706
2.223406075987793
2.2267307617106806
2.226702958773826
2.215741456241787
2.2176762716712273
2.217667273779432
2.2112024773749854
2.1817163143376823
2.181715349876726
2.179776610111164
2.0463833374854166
2.0463833715278086
2.0464153718972606
2.051748359884371
2.0517479737809645
2.0515482636073368
1.9947197815899989
1.9947195460805975
1.9928762336635593
1.8437258657143354
1.7253063610591162
1.7253026419719375
1.2451014298856367
0.73028961962837
0.7302865754953071
0.41776594155064356
0.3883360875132188
0.3883359637527805
0.37309476898843075
0.3607937520751735
0.3164942564678383
0.3164935632461045
0.22912545158095213
0.10049198396451255
0.10049134438290842
0.02916169547870574
0.010615397164737451
0.00176368505858487
