0
4.545142889022827
18.979764699935913
27.675202131271362
33.47074294090271
48.05802083015442
56.05115079879761
62.666839599609375
77.46830177307129
84.87168169021606
88.60853934288025
103.41672444343567
110.07585620880127
114.54597926139832
129.4652943611145
137.5780954360962
140.55567073822021
155.2718689441681
163.39614248275757
166.41578769683838
181.20943593978882
186.434241771698
188.69908809661865
190.95562744140625
205.79172587394714
208.04598093032837
210.2820496559143
225.10159254074097
227.41080808639526
229.6921148300171
244.71086621284485
246.9752116203308
249.2480616569519
251.52992367744446
266.3315062522888
268.5921175479889
270.85550570487976
285.5995876789093
287.8759398460388
290.1855502128601
292.4559369087219
