1033.354197495633
0.5800938663722661
0.578786425380784
0.5226440898784404
0.24213282685008153
0.24184714858549228
0.24113492839408934
0.24098128854805623
0.2406953979147204
0.24059910678143126
0.2405449168746827
0.2402584545913129
0.24000620809151485
0.239834008655734
0.239547470635884
0.2394132195003209
0.23923901293041183
0.23895232882821915
0.23893804170454302
0.23875976158335277
0.23847286763958664
0.23831122297414709
0.23811920313897872
0.23798646316321026
0.2379801363007772
0.2377118127956095
0.23742607452103925
0.2371258916433021
0.23697169915840277
0.2366859430836712
0.23648074643064376
0.23632491559887114
0.2360390801980543
0.2359301036351411
0.23577063226531436
0.23548466252306355
0.23547357536625668
0.23530882345949067
0.23502266819532736
0.2348727766295866
0.23461257636444088
0.23446770346416201
0.23441162305591945
0.23436774840460828
0.23408246351033313
0.23388100867663297
0.23374014945947863
0.23345480092788762
0.23333519686168813
0.23319044395321953
0.23290498442685248
0.23286859693311612
0.23271849375674947
0.23243287923290268
0.23228420423612306
0.23199589659165554
0.2318578378748981
0.23174711949457105
0.2314202863117174
0.23113571608165273
0.23094025407900176
0.2308209588125152
0.23053633939964868
0.230410389798692
0.2302873044165068
0.2300025953453968
0.22994731010385294
0.22981914773407652
0.22953431137310076
0.22938989819417088
0.22909525189591307
0.22896934104859668
0.2288202051537951
0.22859283703779454
0.22830891336361958
0.2281283288241127
0.22802957663465406
0.2277456091618575
0.22762481119809763
0.22752231148318458
0.22723826570455685
0.22717828656045924
0.22707091622905295
0.22678675984626295
0.22664973121106868
0.22635653281852797
0.22624225195202996
0.2260766872695399
0.22592071268960012
0.22563734999386043
0.22547838590443803
0.22539791786188346
0.22511450999905946
0.22500774262751122
0.22492346834638965
0.22463998581821443
0.22458637967028494
0.22449732862325789
0.22421374358047785
0.22408621670882667
0.22379748140095046
0.223693236234368
0.22352698524825598
0.22342383693087697
0.22314093630792797
0.22301009656517579
0.22294473717596475
0.22266178425817884
0.22257737241453412
0.22250801472726778
0.22222498417256986
0.2221879270560123
0.22211373959254388
0.22183060722549897
0.2217143836779769
0.2214304460653267
0.22133440029986673
0.2211804749649957
0.22111650095355628
0.22083395051122068
0.22073878314495232
0.2206845367517758
0.22040192147152027
0.22034902165191284
0.22029042818000732
0.2200077260936979
0.21999800351839838
0.21993435518928095
0.21965154509258866
0.21954853662991525
0.21926803083640323
0.2192377580689424
0.21923529812225695
0.21896886471050436
0.21868677047001484
0.21856530716718225
0.21853001220073054
0.2182478772371752
0.21816204231299707
0.2181232890110607
0.21784109366619475
0.21779164285342745
0.21774875506444857
0.2174664806158404
0.2174542194132414
0.21740657857034762
0.21712420686709777
0.21702694676771728
0.21675461379788885
0.21668284260765347
0.2166698074669
0.21651872917786363
0.21623686282725885
0.21616720201291173
0.2161387958591945
0.21585686634328738
0.215820180350903
0.2157876465741424
0.21550563720313676
0.2155026842351333
0.21546547228881252
0.21518336688558293
0.21509329764363372
0.21482693419960697
0.2147396497191778
0.21472982440806732
0.21463618873630708
0.21435446358513843
0.21432302823339455
0.21429911114584854
0.2140173073085947
0.21392230727990125
0.21366529034165183
0.21365744929181574
0.21352003874844172
0.18257233869675815
0.1820819956681845
0.1818280415138247
0.18171270895925318
0.18122311573279148
0.18113709697897207
0.18093294883672684
0.18044399410926815
0.18030352408209183
0.1801663852629929
0.17982857920269169
0.17933944190367868
0.1783008301643889
0.17778838991205248
0.17772738168011415
0.1776021898735678
0.1770911728019371
0.1769936207627012
0.17661187946296764
0.17640236382588625
0.17627661740853284
0.17621979566186496
0.17571217110558734
0.17553044340615997
0.17534756128692663
0.17484201036532454
0.17467195617720677
0.1742638188309371
0.17414694373198358
0.1737632303668022
0.17368171022476986
0.17317992501659774
0.17249525305382463
0.1713903737205129
0.17089355505916615
0.17088215570777265
0.17074862408559
0.17025314268639136
0.17016226958334357
0.16969705384583733
0.16961699439534073
0.16941675492331854
0.16933450628829405
0.1688421909999107
0.16861021472672633
0.1686084925077722
0.16811767441099335
0.16808137655819166
0.1679748708466775
0.1674853715230995
0.16738600377603063
0.16692816410366618
0.16691216792392538
0.16674374675709203
0.16672864849992663
0.1662422156148864
0.16593039043408453
0.16574570656125331
0.1652615459961595
0.16512940503592688
0.16509252358504511
0.16460971760906773
0.1644792300771627
0.1640568103388773
0.16401309404110975
0.16376017736695303
0.1630860959341618
0.16304537150026022
0.16256218072645368
0.1623805438036925
0.16190426532413937
0.1604915253672914
0.1598794774057808
0.15940962505808898
0.15936406534983405
0.1593165735859543
0.15884789010895872
0.15874922806067104
0.15834925078067386
0.15822309886011965
0.15821308969802317
0.15774695213016798
0.15767796154885616
0.15726299995021975
0.1569088163590493
0.15651782380116686
0.1562182490152395
0.15578448101386755
0.15556608678960515
0.15556555513902026
0.1550029331780962
0.1545451858752216
0.15441154029922188
0.15395305982441698
0.1538536804123396
0.15383091704859453
0.15349167620381365
0.15296404783390471
0.12326103584139503
0.12295503734182489
0.12268655999685052
0.12265431593763765
0.12234905458505807
0.12219248739990007
0.12182231170962154
0.12177115011992612
0.12165241324856879
0.12142470834311325
0.12112106605664508
0.1184724195875333
0.11742289934551309
0.11712294471777795
0.11706219681246921
0.11683148792590714
0.11682063732949644
0.11661668628775601
0.11632727221345363
0.11631716941607806
0.11510728904698908
0.10888520656284584
0.10863787194178087
0.10612188946799961
0.09061253732635066
0.09033404477951024
0.09002448593911083
0.08686434292179968
0.07161430079700892
0.07139468492628964
0.06287292272736522
0.024798056613832387
0.014330219271812439
0.014314136061756244
0.01009036012742115
0.005935098131004679
0.005928738764580999
0.004550273308723263
0.003932223857930239
0.003928011506104667
0.0036787765766632674
0.0021096705233247803
0.0021065333345404724
0.00024681491485978313
2.4565565311718274e-05
2.454457440137503e-05
5.36703851139464e-07
2.45449882640969e-09
