5.702140734532371
1.7066752795917584
1.3628468021342626
2.6993689340412392
0.5551928497569096
0.5543521545240256
2.6995728544914104
0.5543403743757952
0.5534892830777166
2.7005450463318073
0.5536968142593047
0.5532563376165032
2.7003333842588004
0.553289400753399
0.5528440375050495
2.700238182715872
0.5529185019356853
0.5524662322565536
2.700258947474551
0.5525844135231084
0.5523542479304813
2.1714703868433327
0.5522623082191438
0.5518063074535906
2.7003443204142026
0.5518386924299654
0.5514343577519184
2.7000838260901427
0.5514259167219128
0.5510189724620007
2.699918705972677
0.551042053170835
0.5506306932032305
2.6998481117704363
0.5506870462366643
0.5502697111026795
2.6998718361913916
0.5503611328384682
0.5501491637475842
1.8140661529008775
0.550073277614423
0.5496528212751282
2.6999914550516984
0.5496704500816934
0.5492886797107045
2.6998302349513317
0.549295824367918
0.5489104464017778
2.6997496191368278
0.5489452794132423
0.5485549640565001
2.6997494015205916
0.5486189495897453
0.5484211741488815
1.5927458612335497
0.5483531525775975
0.5479604980596476
2.699062472971641
0.5479683930770888
0.5476114661179446
2.6989049968755774
0.5476092504801169
0.5472493357194469
2.698815947768099
0.547270392554907
0.5469063601536496
2.698795129525573
0.5469519001975564
0.5467678290546065
1.4475560490585149
0.5467063565327015
0.5463404585532519
2.6981397504785862
0.5463347256971735
0.545999378371812
2.6979983586301186
0.5459922913389513
0.5456543033473436
2.6979156887846223
0.5456671564332842
0.5453255710003128
2.6978916078416386
0.5453593922407572
0.5451869318888191
1.3506752170426686
0.5451310293648114
0.5447876388826047
2.6972804120240617
0.5447746153224435
0.5444575002408328
2.6971635666196514
0.5444492319840004
0.5441296132502518
2.697097718891055
0.544138807358538
0.5438158755744743
2.697082822158616
0.5438434257557175
0.5436805386775403
1.2850733334108968
0.5436296806671711
0.5433046815743501
2.6965233610028565
0.5432894200020013
0.5429870866287133
2.6964379553828874
0.5429812206666708
0.5426763410361901
2.696397475024222
0.5426861754377954
0.5423780636730459
2.6964019762798315
0.5424043931918042
0.5422490397401653
1.2401499074762268
0.5422030729039855
0.54189234447791
2.695899700075041
0.5418795485579898
0.5415883642951165
2.6958525087320195
0.5415888832110279
0.541294943548683
2.695845609093959
0.5413100332774029
0.541012753454983
2.6958791492403886
0.5410431379759052
0.5408932093618933
1.209090059939193
0.5408002713199359
0.5405051335072216
2.695451105635451
0.5405100627966061
0.5402363694416717
2.695380775112913
0.5402212123196329
0.5399455637224017
2.69534479412847
0.5399423557980316
0.5396642269005907
2.695343223986037
0.5396735744533372
0.5393924693828028
2.695376211189727
0.5394149899816754
0.5392734065556203
1.0697157442705727
0.5391906183109769
0.5389098404333179
2.694998040082835
0.5389150415420869
0.538649359334313
2.694981267902193
0.5386467588006624
0.5383786403795903
2.6949953725288736
0.5383875189473237
0.5381165280668258
2.6950405220491693
0.5381374448984766
0.5380010173706721
0.7782431955417327
0.5379249197168912
0.5376530837916444
2.6947053595849546
0.5376607807648525
0.5374003851379175
2.6947283546273098
0.5374073148359397
0.5372764846032726
0.6344840103289167
0.5371252564248388
0.537001764344711
3.4896649186748436
0.7699429558957526
0.7650603786509101
3.4866312461043196
0.7677611164032522
0.7625977600977688
3.4839114523196755
0.7658137169201849
0.763133919904019
2.5567955589836946
0.7642403358214003
0.7591975201344426
3.592482545052043
0.8803145505132934
0.8717836606938568
3.58686481196757
0.8766101574240186
0.8720676015461287
2.1467104667343038
0.8740256159543461
0.8645518917440551
3.5756807662480266
0.8691813054151938
0.8543163731336053
3.5676427613350934
0.8642419295079435
0.8601357490386043
1.7387177868272126
0.8618595773611822
0.853358150709918
3.5548764877532752
0.8551847169105904
0.829193628936377
3.535690738328858
0.8421193067885573
0.8343249930277671
3.5303729742006498
0.8384248738611066
0.8343378165232124
1.5419256007186926
0.8363370271013673
0.8278198540578909
3.519366543379858
0.8304405645006188
0.8234167322998878
3.5134833302781185
0.8262378423548877
0.8188168789356856
3.50823224049192
0.8225134886187999
0.8186427122560255
1.4081237870585146
0.8197333594056235
0.8120387396016027
3.497850023459473
0.8151174061288924
0.8025559461412664
3.488965535410813
0.8089751471302006
0.8021471975916897
3.4835864084974406
0.8050555917618851
0.8015214677221797
0.9746090077762495
0.8027481869275483
0.7954939268160742
1.0414709406652012
0.7971718605423446
0.7847198681470733
3.4603196161766334
0.7882102311664642
0.7475432150315295
3.4351990902437333
0.7706798909682108
0.7643236425051919
3.4304843534610296
0.7671026935401382
0.7638381835672837
0.7657013053203169
0.7530869307218544
3.4206167947440704
0.7597602253246131
0.756437659727515
0.7584130388202693
0.7519783335973461
0.7538877397350645
0.7473389101312652
0.7494110996977074
0.7426925810234813
0.7423149316541673
0.7445506788338936
0.7332995975185214
3.3912206624745718
0.736229177548547
0.7332771477695037
2.553943936016454
0.7344648472465795
0.7287751787639014
2.7663836911890733
0.1660259018703918
0.16344801395305036
2.7632548988248917
0.16352506216475626
0.16219654776032505
1.2911175815674965
0.1625436165468143
0.15976461081238408
2.7568734667620958
0.15864265253813098
0.14178195329272977
2.741258114521339
0.14579897420045002
0.14518254221072613
0.6671390404017502
0.1453725832841875
0.14415619536499424
0.20055210609163585
0.14424241262774865
0.1365725893095384
2.534427102257879
0.27472758158886423
0.2502124786185183
2.654617726668372
0.10821181949434563
0.10631662994741777
0.16577884642938473
2.4004486297936154
0.05326425852841811
0.057805958115645054
0.06465541375503706
1.1615630429291695
0.14085039954271653
0.07632145526857538
1.0598063589002713
0.06367162011691176
0.012197897069823228
1.0357231536919105
0.01184894871964452
0.012031859755892474
1.024118816156568
0.01780593929123353
0.014328595231359514
0.10315313805885537
0.005239492434799226
0.0005904183099560168
1.5284220388266035e-05
