5.436901965049049
3.7114512842255163
3.711448200968616
3.7076097179601
3.590998026936389
3.590982552533495
3.587231525980423
3.5896114218288497
3.589595664122575
3.585792167673992
3.5895444857634375
3.5895281802224677
3.58756473411125
3.5885112038051625
3.5884946603262464
3.5865077248693362
3.587687210689841
3.587670359691564
3.5856511602105057
3.5870725233338265
3.587055306946061
3.586024885449749
3.586294381439648
3.5857562862777113
3.5836166483274856
3.585746007254323
3.5857309528500427
3.5839179538595594
3.5846437452759874
3.5846285335131682
3.582801346647658
3.58371094958696
3.583695515539332
3.5818459687336235
3.582946591331151
3.582930881447487
3.58105212935863
3.5823509006650855
3.5823348683040748
3.581377051280211
3.581619434255461
3.581175871998896
3.579201243042279
3.5811706050294414
3.5811562516247712
3.5794343714360166
3.580259959467862
3.5802454140201534
3.578504305474626
3.5794919239339884
3.5794771393621394
3.5777108533268853
3.578866537143642
3.578851472450716
3.5779523645649225
3.578161752446024
3.577784170597238
3.575941654546751
3.5767963767897175
3.576782950702836
3.575174845542915
3.575919419842794
3.5759058305022458
3.5742815615557917
3.5751633670978986
3.5751495734459806
3.573503985167263
3.574528171643141
3.574514137806154
3.5736777344958526
3.5738587782602114
3.573533589394197
3.5718277034713632
3.572558203552517
3.572545591280906
3.571037891237153
3.5717321291890696
3.5717193719019193
3.570197358443284
3.5710097285334803
3.5709967909461984
3.5694560346353224
3.5703910088382815
3.5703778597349722
3.569595538121804
3.5697591567296074
3.5694732161189564
3.5678831235182433
3.5685347237697576
3.5685228039700854
3.5671010969063928
3.567770455347406
3.5677584003167753
3.566323237880953
3.5670962063622254
3.567083985962142
3.5656315868392787
3.566512106326899
3.5664996935128874
3.5657626322517735
3.565917507924679
3.5656612948588773
3.564166748820543
3.5647757749302302
3.564764416802709
3.563413123277648
3.5640819953232135
3.5640705041729985
3.5627057298957543
3.563467563133371
3.5634559133399675
3.562074444769822
3.5629327601647804
3.562920928369364
3.5622198846675905
3.5623738664963605
3.5621399436790124
3.560720417806502
3.561320211167677
3.5613092711108854
3.560011300905381
3.5607059012512075
3.5606948232606195
3.5593825180629097
3.560162849805028
3.560151612144544
3.5588222444847544
3.559691502130567
3.5596800846266348
3.5590051406033334
3.5591661556285046
3.5587305580362254
3.5573629065758325
3.558151807994028
3.558141587789525
3.556929709703581
3.5575127840895466
3.557502460416676
3.556280202315361
3.5569343975128205
3.5569239497889162
3.55568878304246
3.556416882006703
3.556406291506973
3.555155874130725
3.555960647084233
3.5559498962831504
3.5553155523731417
3.5554643889374304
3.5550818921249636
3.5538011648344767
3.55454401311202
3.554534079152543
3.5533604551461444
3.554008929011965
3.5539988750205502
3.5528126261569812
3.5535284976186103
3.553518306852941
3.5523173670314745
3.553103154814456
3.5530928116459535
3.552483635684949
3.5526310205789176
3.5522784839365475
3.5510513367600662
3.551782666289765
3.5517729191303715
3.5506245757706743
3.5513239433888657
3.5513140658361
3.5507325221713426
3.5508596833260397
3.5502080824757156
3.5496231438852583
3.401951900064835
3.4019467586470196
3.400683315295202
3.4007063640219775
3.400701200270529
3.399441135885222
3.3995485280894213
3.399543305162395
3.3989090838656644
3.3988980727725338
3.3987564096467975
3.3974560248981924
3.2941950610616537
3.294195671854931
3.2943777097355738
3.2935267162638695
3.293527401725921
3.293637830648572
3.2933490254686597
3.2934006521140793
3.2936952674050857
3.292252842389012
3.2922533461177874
3.2925255315864006
3.2904097370469514
3.290410346734498
3.290507657072385
3.290273286575732
3.2903066317697696
3.290547359091572
3.290006734924839
3.2900071243773885
3.2903772067838406
3.2879652104021084
3.287965762720159
3.288145183087319
3.287499577763084
3.287500182572181
3.287603340800458
3.287389275767833
3.287413486056174
3.2876535285621644
3.2871348525644777
3.287135322843836
3.287279816495758
3.286761482733269
3.2867619989238603
3.286930052177105
3.2863504991853087
3.2863510617927516
3.2864469142033985
3.2862546315367274
3.2862893731194953
3.2865049844251457
3.285538067821407
3.2855384619931813
3.2857645051430793
3.2844192438402326
3.2844197054074002
3.2845688855139876
3.2840885568373235
3.2840890571763106
3.2841734638914293
3.284011876046128
3.284031988573083
3.28421478594352
3.2840155751306837
3.2840323734147234
3.2842797993196844
3.2821901289122652
3.2821903899618436
3.2826628522947296
3.278558937429087
3.278559347834257
3.278699837197203
3.2783183776841636
3.27831881506359
3.2783957792430694
3.278270232654672
3.278528559850849
3.2775211740799923
3.2775216200129482
3.2776012976246074
3.2774735640758688
3.277607544201417
3.2774824901349477
3.277623330645759
3.277489257547626
3.2776378622565203
3.2776470864068243
3.2774983025976123
3.2776936525435185
3.277295678723016
3.277296058681296
3.277359510068202
3.2771262223556032
3.2771620725688946
3.277336361812605
3.233203290760098
3.2332031136213923
3.2327996359923095
3.23235072342433
3.2323505410630538
3.232143834659523
3.232058483242796
3.232057568557017
3.2316566362850976
3.230515474463803
3.230515278586191
3.227309559261796
3.2255767996355744
3.2255765858940615
3.2254584832336737
3.225389266358206
3.225383065512999
3.2251454058047284
3.2250525042741285
3.225038294151262
3.2230787829477423
3.145905978165637
3.145905713221989
3.141800442127823
3.1453876578249447
3.1453868503548224
3.143713064429184
2.9495875421963813
2.898879321699964
2.898878041345801
2.7321803550609576
0.9745608234515379
1.0284932049540467
1.0284901294263589
0.8499897182154593
0.7680878570725583
0.7680873446852673
0.7127837617532647
0.6842663587489181
0.6842661932906052
0.6632975952094391
0.5077396636983338
0.5077366314015292
0.12873896508327196
0.0383618977741645
0.03836162641170143
0.00481541433089386
0.0004639562768401087
