0
4.397071361541748
18.812888622283936
28.912646055221558
31.8268084526062
46.2452392578125
55.01665806770325
64.6995325088501
79.48964190483093
88.39657425880432
97.71047925949097
112.63122153282166
122.24436473846436
132.56706547737122
147.32681727409363
156.95381045341492
167.30278658866882
182.1102168560028
191.74036240577698
202.13838505744934
216.9420018196106
227.40940237045288
238.50901627540588
250.34357118606567
259.9743318557739
269.6074993610382
284.4349615573883
294.0967307090759
304.49063897132874
319.36627197265625
329.01367592811584
339.3298511505127
354.3079490661621
363.87183356285095
374.32886815071106
389.0577805042267
398.65111446380615
408.9999041557312
423.76141262054443
434.15124797821045
445.32731103897095
457.19054079055786
467.02039217948914
476.66287541389465
491.47403049468994
501.1496829986572
511.55988454818726
526.4123854637146
536.0956375598907
546.5091352462769
561.312673330307
570.9963960647583
581.4008584022522
596.4385266304016
606.7649157047272
617.75727891922
629.4895706176758
639.046863079071
649.2742376327515
664.0014033317566
673.4792141914368
683.7173354625702
698.388167142868
708.0087125301361
718.2749063968658
732.9413242340088
742.4593176841736
752.7781393527985
767.5327033996582
777.8503592014313
788.8721766471863
800.6146757602692
810.17129945755
821.5494961738586
837.2018122673035
846.8064651489258
857.1263899803162
871.9694383144379
881.6198740005493
892.0127384662628
906.8426837921143
916.4413847923279
926.7918527126312
941.5724551677704
952.1765818595886
963.2788002490997
975.0593538284302
984.7018806934357
995.0642206668854
1009.8418505191803
1019.4105606079102
1029.793045759201
1044.674988746643
1054.301115512848
1064.8263759613037
1079.6634707450867
1089.2499151229858
1099.567715883255
1114.3247408866882
1124.7067799568176
1135.8337631225586
1147.6685478687286
1157.264173746109
1167.573511838913
1182.5324459075928
1192.2003514766693
1202.56924366951
1217.6382811069489
1227.3284208774567
1237.773470878601
1252.6158080101013
1262.3317291736603
1272.7569651603699
1287.5955121517181
1297.9324724674225
1309.2582499980927
1321.1501159667969
1330.80037856102
1341.1575005054474
1356.2406663894653
1365.931252002716
1376.3907942771912
1391.3472001552582
1401.0556614398956
1411.5529386997223
1426.5537276268005
1436.2507593631744
1446.685148715973
1461.5606153011322
1471.919589996338
1483.0710258483887
1494.1127512454987
1503.7194921970367
1514.1206262111664
1528.9419341087341
1538.5225322246552
1548.9748215675354
1563.76309466362
1573.3499374389648
1583.7431337833405
1598.6855795383453
1608.363379240036
1618.8150691986084
1633.6630301475525
1643.2950294017792
1653.6065084934235
1668.560308933258
1678.6974411010742
1689.691287279129
1700.6646747589111
1710.1601400375366
1720.4792766571045
1735.0151062011719
1744.523759841919
1754.8045012950897
1769.5119547843933
1779.0614619255066
1789.3904564380646
1804.0581743717194
1813.6079421043396
1823.8367433547974
1838.628188610077
1848.9076766967773
1859.9437341690063
1872.0880434513092
1881.943987607956
1892.2916276454926
1907.1314997673035
1916.7343986034393
1927.1299118995667
1941.9352917671204
1952.2414484024048
1963.3415005207062
1973.6885890960693
1984.1333158016205
1986.3901402950287
2001.2015833854675
2010.0931060314178
2020.4970791339874
2035.4285671710968
2044.316264629364
2054.6901111602783
2069.5277955532074
2079.106202363968
2089.481706380844
2101.325536251068
2110.1995561122894
2113.9491040706635
2128.7818565368652
2136.962488412857
2146.773983478546
2161.7181708812714
2170.5875549316406
2181.0540297031403
2193.0297355651855
2201.151697397232
2210.0707614421844
2224.992251396179
2232.462744951248
2241.4075322151184
2256.3869013786316
2265.4654207229614
2275.8828704357147
2287.7054522037506
2295.8730928897858
2305.550934314728
2320.379727602005
2327.0548996925354
2335.991964817047
2350.9092288017273
2359.062084913254
2368.7085695266724
2383.6735956668854
2392.7488856315613
2403.1269149780273
2414.948928117752
2423.1597023010254
2432.834192752838
2447.701778650284
2455.831555366516
2465.5129528045654
2480.775521993637
2489.1929700374603
2498.891424179077
2513.937731742859
2522.902402639389
2533.256041765213
2544.3900101184845
2552.5487287044525
2561.4736473560333
2576.3663029670715
2583.7800664901733
2592.7169086933136
2607.6776716709137
2615.896789073944
2625.6553766727448
2640.5884623527527
2649.4792759418488
2659.8436422348022
2671.0013480186462
2679.1441793441772
2689.5610172748566
2700.666514158249
2708.0740394592285
2716.2761147022247
2731.2712507247925
2737.2457942962646
2745.5390133857727
2760.45676279068
2768.645382165909
2778.3127818107605
2793.217648267746
2802.2759833335876
2812.7032268047333
2820.1354506015778
2829.045870065689
2843.902363538742
2854.003593683243
2864.6142773628235
2872.8509278297424
2883.2773842811584
2891.4465293884277
2901.8960177898407
2910.0924594402313
2921.2507905960083
2931.6544148921967
2939.130035638809
2948.7762756347656
2963.5561096668243
2972.4338386058807
2982.0815167427063
2994.184870481491
3002.339361190796
3005.3117163181305
3020.056652069092
3026.687701702118
3034.8214507102966
3049.577969789505
3057.0154905319214
3066.6526758670807
3078.4825026988983
3085.172563791275
3092.7071585655212
3108.0630509853363
3112.549878358841
3119.9900994300842
3134.83384847641
3142.994167327881
3152.640618801117
3163.7381341457367
3171.150383234024
3180.7256042957306
3191.061179637909
3196.249797821045
3199.9901599884033
3214.781793832779
3219.2288653850555
3223.8014092445374
3238.737102985382
3245.4685487747192
3248.465571641922
3250.715520620346
3265.559003829956
3267.800416469574
3270.046728372574
3273.023757457733
3287.7526576519012
3290.724784374237
3292.954466819763
3307.6338901519775
3309.8715810775757
3312.100001335144
3326.858954668045
3329.1090998649597
3331.363429069519
3346.2506790161133
3348.499437570572
3350.7556846141815
3365.53711104393
3367.784345626831
3370.0294342041016
