7479.537583730829
2.0404951235126703
2.0401665710617465
2.039477589344912
1.8557105126538005
0.710010914276836
0.08587258228811834
0.08586464889360457
0.051327011976169956
0.045591218369935405
0.04558874497720922
0.04524513802795127
0.0450999732222499
0.045097694211037265
0.044786174944746904
0.044729805867177674
0.04472768108763603
0.04444277441636757
0.044199059161996956
0.04419704492399035
0.04393987620525763
0.04372144054856619
0.04371952273481838
0.0434870069328781
0.04329156218410901
0.043289728216947765
0.043079514565476984
0.04290546735197154
0.04290370596190485
0.04271411096787858
0.04256051261600646
0.042558813635082515
0.04238876114783352
0.042255263975505386
0.04225361815554152
0.042102586301353995
0.041989406595163814
0.04198780544861336
0.04185577991967193
0.04176366765267403
0.04176210331281993
0.041649537115503676
0.041579753706471934
0.041578218803508094
0.04148599993283142
0.041440307181332514
0.041438794730709105
0.04136822491139469
0.04134889067215397
0.041347393970781354
0.04130018360227439
0.0409367080723797
0.04093524715291608
0.04091742709150026
0.0405620180246018
0.04056058831955056
0.040382643627907555
0.04029103711773985
0.04028963392363494
0.04028652223115614
0.03992509112727305
0.03992371288529739
0.03974367951801128
0.0397236137386443
0.03972224518612677
0.03953088682094119
0.03946553519624274
0.039464174177979316
0.03926131345345141
0.039151632864317776
0.03915027689566841
0.038934913004069927
0.03889455486634574
0.03889318117245466
0.038890315957857524
0.03846050680381552
0.038459148103939356
0.03823560680878302
0.03813757418504338
0.03813621864911454
0.03790547615490425
0.037795969966055054
0.03779461637093107
0.03755641821136635
0.03743618461312792
0.037434831695563275
0.037188955344348074
0.037059147706258955
0.03705779414730159
0.03680407677262565
0.03666639143003181
0.036665035850944605
0.03640340737193526
0.03626023341342943
0.0362588743750365
0.035989393616205234
0.035843962899335224
0.03584259890527619
0.035565488268574086
0.03542200184978128
0.035420631353900944
0.03513630267281087
0.03499999980448365
0.03499862122049535
0.03470768325145457
0.03458481307293937
0.034583424786191586
0.03428666244349188
0.03418432218045098
0.034182922559296
0.03388124114638913
0.03380706368888298
0.03380565109493716
0.03349998600755555
0.033461694427543875
0.03346026722428519
0.033151469685563484
0.03294519252777661
0.032943770579450415
0.03263410538463063
0.03243835064444056
0.03243693254422908
0.03212722354523123
0.03194486406553665
0.03194344836121843
0.03163460381128402
0.03146877438211959
0.03146735956994462
0.031160343112603073
0.031014380943659603
0.03101296546093124
0.030708760168451477
0.030586130857997773
0.030584713076194703
0.030284280676667663
0.030188494720903236
0.030187072940293547
0.02989131131742795
0.029825838312035557
0.02982441075745612
0.02953411345065149
0.029502302408445757
0.029500867227355343
0.029216688683987968
0.02893971316167665
0.028938289558368524
0.02866331607053496
0.028396110902050964
0.028394697618395526
0.028129736567791497
0.027873148106664303
0.027871743859662956
0.02761761006905772
0.02737249271184794
0.027371096190179856
0.02712860380852078
0.026895812663184415
0.026894422523312755
0.02666437785468645
0.026444762558298862
0.02644337742128755
0.02622657308052112
0.026020973090140842
0.02601959153808764
0.025816802207458522
0.025626043878332894
0.025624664450916157
0.02543664453992278
0.025261540242127012
0.02526016143296772
0.025087644800237285
0.024928994298491602
0.024927614551160104
0.024771316479203165
0.024629910712249625
0.02462852841597396
0.024489149925045695
0.02436577729034184
0.024364390775161837
0.024242625293538822
0.024138080495688996
0.024136688026416664
0.024033230418993412
0.02394832598724861
0.02394692575664692
0.023862483797131517
0.023798064260176943
0.023796654381087023
0.02373196256073129
0.0236889214123579
0.023687499907509846
0.0236433356920287
0.023622635271664194
0.02362120006250734
0.02359840266311153
0.023099113815447936
0.023097693499934735
0.02285256382080547
0.02272436993445126
0.022722915174185232
0.022474071489241965
0.02235128575742351
0.022349801742166164
0.0220981380804659
0.02197541421594451
0.021973905558056117
0.02172010708480343
0.021593013580499587
0.021591484374070546
0.02133611108097
0.02120074413615214
0.02119919806656867
0.02094273061695162
0.020795335531417436
0.020793775977125506
0.02053664128267485
0.020510398340505276
0.020508793733768016
0.020249087140598476
0.020218482235691226
0.020216852465125612
0.019955865855777688
0.01990248115062343
0.019900838151741596
0.01963942883271841
0.019553983556861
0.019552335713427738
0.019549388592537298
0.019024514048723518
0.019022888286656325
0.018772437457684532
0.0186607812437245
0.018659168360414924
0.018410488542784265
0.018286759064267244
0.018285159674292117
0.018038387220499885
0.017901035772837304
0.017899450598036992
0.01765472339987184
0.017621452752166533
0.017619871347150706
0.017375950651427274
0.017319800376867533
0.017318225223164063
0.017075472420231108
0.016994091848616222
0.016992525356627652
0.01675128732490805
0.016641168979987242
0.016639613611431514
0.016400224094411442
0.016373785143855457
0.016372231002932836
0.016133380878244452
0.016050999366456153
0.016049454659366802
0.01604546087463632
0.015566068827340018
0.015564547551704777
0.015337523361978356
0.015217349829242721
0.015215846081161999
0.014991328601070109
0.014964095521818876
0.014962602727777607
0.01473935411216587
0.014679282669476379
0.014677803489050234
0.014456292157291273
0.014360381541735023
0.014358918762269468
0.014139576344859961
0.014103481730685985
0.01410203237158214
0.014100616720526205
0.013657101925346637
0.013655675640478648
0.013447231193723042
0.013334225803305344
0.013332818264530033
0.013126958514547482
0.013086016857783989
0.013084624400249822
0.01288033132379951
0.012798548817627875
0.012797174545681855
0.012594981974118014
0.012559437683350438
0.012558082382085445
0.012556050650857742
0.012146427732858456
0.012145094897917375
0.01195316171502725
0.011934201946104395
0.01193288536127568
0.011742228881530536
0.011678845487523404
0.011677548288702155
0.01148880838036348
0.01147130155653997
0.011470027040473951
0.011468776039521345
0.011084797867283669
0.011083545038303555
0.01090428368445373
0.010875967494897054
0.010874733193986685
0.010696878128655385
0.010620279412918876
0.010619066964920876
0.010443282895920447
0.010372539583755724
0.010371356975255708
0.010365804370920273
0.010363783590534581
0.010362602259604614
0.010189097389442736
0.010136203004918798
0.01013505414586291
0.010130903526075485
0.010129771773179641
0.01012862454345509
0.009957230784735316
0.009919212914866193
0.009918100227253035
0.009915084936835683
0.009567289306346538
0.009566197219484707
0.009404018515624557
0.00934166506912959
0.009340598547993295
0.009180351169362666
0.009117896175624196
0.009116868981337234
0.009111734458301157
0.009107151508928268
0.009106127564479038
0.008948010663331729
0.008943542208669442
0.008942587357566367
0.008936227087346538
0.008930065374912033
0.008929114020503448
0.00892848676203073
0.008605269839407015
0.008604337183925281
0.008454348648740506
0.0083966558750177
0.008395750129182034
0.008247647153652338
0.008177925403330732
0.008177063589357658
0.008171382712944819
0.008164242374860464
0.008163385013560287
0.008161869786931675
0.008158935253064215
0.008158081781431292
0.008012425022570824
0.007947058041395394
0.007946251144048233
0.007941054054313668
0.007933936335177805
0.0079331343324327
0.007931760786590303
0.00792849756214764
0.007927699925318166
0.0077844414931291794
0.007713158246374974
0.007712409973706258
0.007706849067048438
0.007698904178838006
0.0076981613881486055
0.007696081873007188
0.007691637629307024
0.007690899821199082
0.007550178226722437
0.007519717127351555
0.007519069033932624
0.007512863839465922
0.007503966442200749
0.007503323920261096
0.007500366319348473
0.007494726726832823
0.007494089329810549
0.007354907550791268
0.007271288702952461
0.007270742258810969
0.00726254251470948
0.00725124544527489
0.007250706013422814
0.007245416659699799
0.007237027229521686
0.0072364943513036906
0.007234016287895884
0.007228446288365831
0.007227919517163173
0.007091526901078282
0.006990938365021293
0.006990514055985386
