3.3824215371370427
1.9432477460955917
1.9406232894688826
1.1792458066981448
0.6359290688550276
1.153175468608852
0.43281063868760894
0.12623929309890866
1.0290155170692203
0.16289985755236147
0.15260692564033662
1.025070347336156
0.15064172862714262
0.14085436531100368
1.0220146807127108
0.14084645507351454
0.13148910590582774
1.0009088287451122
0.13280577977839172
0.12384448769836053
0.9755654634555015
0.1257209511141044
0.11711619962787122
0.9529345641365204
0.11953655193778137
0.11124870245832201
0.9328411021649323
0.1142004978828295
0.10618971815207495
0.9151312519414372
0.10966439330183876
0.10189043622023473
0.8996712414388599
0.10588373391661543
0.09830564244423946
0.8863457649911568
0.10281806229448191
0.0953938592936566
0.8750562505330857
0.10043115106130793
0.09311755585512577
0.8657192146418471
0.098691264595783
0.09144345895472561
0.8582649277470382
0.09757153133292194
0.09034297753596048
0.8526366426403773
0.09705044734721643
0.08979274099062831
0.8420943537677009
0.09386376621993257
0.08678191728002653
0.8327189927324219
0.0911185114574798
0.08762756328401321
0.8232687818719553
0.09072258368928904
0.08395859106382732
0.8153670861996392
0.08851919453101367
0.08515622342880923
0.8110702609167885
0.08986853613229609
0.0865664193304782
0.8073881085607629
0.09107860050438998
0.08781947642806671
0.8043546479999368
0.09233243838626089
0.08910628297877737
0.8076522983377842
0.0980384745983876
0.09184670734341725
0.8018490686021561
0.09641115658555549
0.09326222479079294
0.7998430871744061
0.0965632750207646
0.09339170779701764
0.7981775865920967
0.09685376028961766
0.09365661585220193
0.796867627803932
0.09729148250217305
0.0940655508906987
0.7959322325333511
0.09788612011287864
0.09462785380061982
0.795393794648882
0.09864777776975361
0.0953532090547649
0.7952772823642108
0.09958643440296187
0.09625107932102844
0.7956089601937163
0.10071119742304725
0.09732994919100232
0.7964146404634261
0.1020293653906807
0.09859638545193969
0.7977175328571842
0.10354534756046138
0.10005396844173918
0.79953550599958
0.1052595517002053
0.10170221182965582
0.8018784323746285
0.10716741691911039
0.10353565037623187
0.8047457285594078
0.109258815686186
0.10554331661092506
0.8081246904743118
0.11151804596942373
0.10770881642716461
0.8054707211259586
0.11112675917509773
0.1072777430503164
0.8032665732554851
0.11092027530350743
0.10702565950563524
0.8015293464151045
0.11090117822981062
0.10695469596345035
0.8002758437160613
0.11107170038756434
0.10706660543943086
0.7995217722005156
0.11143352063746124
0.10736257483966476
0.7992810652887613
0.11198758361937194
0.10784305935710044
0.7995652506548315
0.11273396129659992
0.10850765967516986
0.800383006623804
0.11367177712495563
0.10935506068749676
0.8017399007317296
0.11479921040434593
0.11038304757834053
0.7974964410381962
0.11362357086596941
0.10917820988518222
0.7936472125212677
0.11259949557511052
0.10812010114424819
0.7901994942248167
0.11172792973002622
0.10720934239627065
0.7871602885737775
0.11100983623792358
0.10644656521233149
0.784536283281854
0.11044619405988765
0.10583241221728718
0.7823337990188982
0.11003800177384462
0.10536754235832732
0.780558816739478
0.10978628741818154
0.10505264198737556
0.7792170667561288
0.10969212529077323
0.10488844217668941
0.7783140196291175
0.10975666073837897
0.10487574326328103
0.7778550535865869
0.10998114343153396
0.1050154469052738
0.7778456131939061
0.1103669699549973
0.10530859652254107
0.7782913652822268
0.11091573617559296
0.10575642651099003
0.7791984124049158
0.11162929956787118
0.10636042040138188
0.7805736060204077
0.11250985192564288
0.10712237820195743
0.7824247488344951
0.11356000298321418
0.10804449380749481
0.7847610323042822
0.11478287472681861
0.10912944190395239
0.7875932964849626
0.11618220720018986
0.11038047533415941
0.7827763893852602
0.11459284914717141
0.11166757825647727
0.7934923384781971
0.12001565888269196
0.11707871452922905
0.8026750949122174
0.12471279643354846
0.1217529682274957
0.8104984566116137
0.12877617910950465
0.12578810356323006
0.8171209094421258
0.13228985655541028
0.1292715818086169
0.8226754619683585
0.13532553959318036
0.13227715268900567
0.827267754026139
0.1379422713279726
0.13486512655118735
0.8414655212784331
0.14493847757191103
0.1418166396764601
0.8495496669783504
0.14919716991594284
0.14602823722173006
0.8540485641046704
0.15191311494947216
0.1487057117739704
0.8561076746322711
0.15364148488574134
0.14718478858106682
0.8496590423353763
0.151238911407987
0.14798794716052666
0.8464373008655167
0.15026685865676662
0.1470226228658875
0.8430846924268888
0.14925506952072026
0.14601949459670618
0.839577346375711
0.14819497777050486
0.1449702439248413
0.8389931999537924
0.14858281934730622
0.14534598604593074
0.8377408914630009
0.14871057823808018
0.14546637954888242
0.8358519254486039
0.14860358916976205
0.1453567237560211
0.8333217556812388
0.1482742586419611
0.14502960204557905
0.8336832524611774
0.14982703616633908
0.1465591332190213
0.8316784801392585
0.1504539119402048
0.1439121671084837
0.8250201321587584
0.14791270765880457
0.14463386307253517
0.820572288838777
0.14655481272015836
0.14329808887581877
0.8178707403450561
0.1463436255920394
0.14308884583550766
0.8144583017338493
0.14586174203084798
0.14261471689007316
0.8103029729064513
0.14512164373466682
0.14188845115142812
0.80693949629755
0.1457777236539697
0.13931015928698523
0.80036245697641
0.14323599941825585
0.14000302817211135
0.795478238664287
0.1417902935186279
0.1385863933508577
0.7914966496903965
0.1413106363802281
0.13811805714639133
0.7866614415540389
0.1405170417190429
0.13734304176624565
0.7814261118892833
0.1409260182837672
0.13458986304517195
0.7749491759032788
0.13839978881746984
0.1352400653996062
0.7704157019925876
0.13790266588234146
0.13475686640983386
0.765001646062933
0.1370552331932705
0.13393137987054013
0.7583009022658601
0.13726435372988752
0.13103765862068442
0.7519490644171772
0.13475473825655862
0.13165511309595468
0.7465508753253126
0.13405209209325186
0.13097286639567474
0.7401908282543666
0.13297708928054713
0.129927287358845
0.7309893866712934
0.13260027713161587
0.12654776170903415
0.7300028930493829
0.13268295869967908
0.1296235233262801
0.7196683700504176
0.13229923303510277
0.12622831302332096
0.7185640449438645
0.13238145575595991
0.1293139815583985
0.7072512804955586
0.13196507858153414
0.12587987182858212
0.7009426462722665
0.12945462275005581
0.12643470150462136
0.6927591614660996
0.12831366680323822
0.12532812497483298
0.6793186158915429
0.12768179416848224
0.12177269509778549
0.6776976476969512
0.1277134956318118
0.12473353378782258
0.6521120471035127
0.12836851423233736
0.12243071367129114
0.6503615390946178
0.128327778895352
0.12235282011901054
0.6442798371524124
0.1258419969542553
0.12288225126327751
0.6347957533395061
0.12452874985094675
0.12160934071346499
0.6182120536873656
0.12345888390329686
0.11770290315018894
0.616077384066354
0.12342614753080657
0.11764082506433801
0.6141294368282924
0.12346263664876354
0.12054961938946573
0.5958262563863056
0.12242676011418746
0.11668413085811229
0.5934555334577054
0.1223964987085385
0.11662723695130407
0.5912655784716451
0.12243038987078407
0.11952690063754956
0.5710305818858056
0.12132563476823914
0.11560727411092633
0.5683375829314505
0.121283581716128
0.11554187862072968
0.5658212500986548
0.12130050712159468
0.1184126105684776
0.5250025158314545
0.12115419762628098
0.11543325667000211
0.5220675719710858
0.12107155797010874
0.11533084254018663
0.5193009023644367
0.12104570000569713
0.118160115133041
0.4741893146519782
0.1200417953854835
0.11435928308537457
0.4702277414467521
0.11991659676173065
0.114218769786367
0.4664497249185473
0.11984289876736062
0.11412800698686322
0.46285047864425266
0.11981895744405553
0.11694775473259712
0.404487830481524
0.11859503678133869
