12.640654318777534
4.086286382204358
4.086275093940936
4.0862933109744555
3.8944201375474514
3.005874342377731
2.016474903241358
2.0164737882347317
1.9071876547458224
1.918400838961475
1.918400272909503
1.9138003593855872
1.910942449516014
1.9109418584131346
1.9061374776284412
1.9034812803724583
1.9034806709250842
1.8985276593697153
1.897378250140825
1.8973776277612748
1.8923185483069573
1.8911694546942126
1.8911688198756127
1.8860077088679077
1.8848849288268104
1.8848842819247371
1.8796242511768237
1.8785572497297398
1.8785565910166806
1.8732000803082118
1.8722223642544578
1.8722216939415055
1.866770652335526
1.8659202560476753
1.8659195742936432
1.8603755383578373
1.8596953788970878
1.8596946858013685
1.8540587244855349
1.8535967960157864
1.8535960915920584
1.847868594321951
1.847677995708529
1.8476772798379475
1.8418575767393235
1.841996400981876
1.841995673346393
1.8360814931970102
1.8366126498927926
1.8366119098913083
1.8305986983098244
1.8310779481542152
1.831077197519602
1.8249769036138652
1.8255834811870912
1.8255827196450094
1.822480570410061
1.8122976771519599
1.8122968218272615
1.805337381457076
1.8062460297073304
1.8062451532898436
1.8026734071086017
1.7918643604882638
1.7918633967176532
1.7879340818935532
1.77716573587828
1.7771646788594593
1.7728542737143158
1.7614346762089295
1.761433510592115
1.7566790248831627
1.7314904529456365
1.7314890321116605
1.719905197978631
1.723751795425618
1.7237503020050584
1.717659724122259
1.7136454793518847
1.7136439207306107
1.7072860954236695
1.7027420692598139
1.7027404406455464
1.6960962686567325
1.691006046589525
1.6910043431902628
1.6840542398658358
1.678410098051798
1.6784083151415008
1.671132974838665
1.664940147354405
1.664938280531648
1.6573197373253894
1.6506016269091568
1.650599672427781
1.6426226555120287
1.6354267581412592
1.6354247132958764
1.6270782267297164
1.6194822163656593
1.6194800798907305
1.610759037231096
1.6028760543879785
1.6028738268013805
1.5937804574758103
1.5857622636977744
1.585759947498071
1.5763046028021326
1.5683410827907247
1.568338682415199
1.5585396604462929
1.5508533997540452
1.5508509212345731
1.5407330532533945
1.533568535400931
1.5335659857188004
1.5231579890171019
1.5199532516673033
1.5199506128501892
1.509178374873701
1.5059279517657245
1.505925226453133
1.4947994982710526
1.491585560995067
1.4915827523730727
1.4801166702917563
1.4770312526457094
1.4770283643893602
1.4652370733015467
1.4623810220897981
1.4623780582166495
1.4502781109476282
1.4477594309300663
1.4477563956040895
1.4353649487425986
1.43329660939038
1.4332935066880517
1.4206273613823954
1.4191247102691715
1.4191215439253038
1.406196103637751
1.4053740973205808
1.4053708704748904
1.3921991018031599
1.3921783487033503
1.3921750448707753
1.3786888825484929
1.378892872138621
1.3788894946583146
1.365102728506489
1.3655773476313264
1.3655738997596012
1.351499937934133
1.3522926289614015
1.3522891137920896
1.3379407012651114
1.3391002474792566
1.3390966678733407
1.3244855981993877
1.326061903353001
1.326058261868585
1.3111950903377902
1.31323896413915
1.3132352629637483
1.2981290292537622
1.3006919902704956
1.3006882311573378
1.2853461984615249
1.2884803067479544
1.2884764909577255
1.2729039073841224
1.2766616378286884
1.2766577660776397
1.2608576521891333
1.2652918192985567
1.2652878917135602
1.249260856538201
1.254424599483512
1.2544206155641213
1.2381647013620503
1.2441115361760335
1.2441074947632011
1.2276180491004067
1.2344019946789822
1.2343978939295546
1.2176674654900126
1.2253432483501592
1.2253390857161666
1.208357339800182
1.21698068010022
1.2169764523114663
1.1997300999471512
1.2093580828611346
1.209353785909525
1.1918265201342597
1.1971645206769992
1.1971601700379921
1.1882840079630723
1.1625858255842032
1.1625813647486793
1.1534791268723839
1.129826888340718
1.1298223621953156
1.1205876830780044
1.0986283260215786
1.098623764749793
1.0893181177695206
1.0687099245441616
1.0687053487059979
1.0593705803179683
1.039792696400781
1.039788120636588
1.0304540080053908
1.0116016003352708
1.0115970356363846
1.0022859171767884
0.9655814329601506
0.9655768720438169
0.956275015715076
0.9314460199969227
0.9314415117620564
0.92224862446277
0.9035245214188506
0.9035200703347537
0.8944446383134756
0.8789635275033489
0.8789591312459678
0.8610404551744785
0.8691948270918034
0.8691903820463946
0.860129102749206
0.8584768223719492
0.8584723879761355
0.8494322014983898
0.8473332523308583
0.8473288322863997
0.8383178413303566
0.8357282035875068
0.8357238020901199
0.8267505584775311
0.8204933664802196
0.8204890064076955
0.8116004167210796
0.8054981826329394
0.8054938644841458
0.7966909778092942
0.7904957297226571
0.7904914552091535
0.7817777046902182
0.7752394847489962
0.7752352567720939
0.7666165014971339
0.7523419451412474
0.7523377996619732
0.7438877156381627
0.731914190959864
0.7319101203664501
0.715325481972184
0.7229078720972003
0.7229037789687222
0.7145619311271861
0.713172325114451
0.7131682611618784
0.7048853956201833
0.7009291175811325
0.700925099536115
0.6927359297805306
0.6885283821922045
0.688524412303589
0.6804335362753671
0.6757090303204154
0.6757051124349952
0.6677203153445173
0.6566686296288923
0.6566647964062468
0.6410515131557817
0.648212214486586
0.6482083727095828
0.6403800451755315
0.639125898808056
0.639122094884232
0.6313705031127318
0.6275800717436266
0.6275763213127585
0.6199338274343282
0.61561656833788
0.6156128753659745
0.608087567771499
0.5977632147576976
0.5977596106009013
0.5830830232763575
0.5897717058233803
0.5897681039188897
0.5824295991633115
0.5796349988082629
0.5796314486899939
0.5723981846163331
0.5690378265334636
0.5690343323923598
0.5619151980290201
0.5534434414281082
0.5534400303337126
0.5395528566287633
0.5459305220546913
0.5459271197823683
0.5389962554438632
0.5366542131916373
0.5366508627458598
0.5298252931988691
0.5267036701915314
0.5267003774236091
0.5199923346926097
0.5115079746399005
0.5115047679327545
0.4984522462264807
0.5101803204668054
0.5101770824700593
0.5035810346934995
0.49602307538448676
0.4960199185764694
0.48317118456303026
0.4948314766040641
0.4948282896652041
0.48833630668512756
0.4817703188179533
0.4817672072810836
0.4691032090471159
0.4748983539599195
0.47489526187670633
0.4685969480300997
0.46616713976034546
0.4661641035870617
0.45997929550327094
0.45280500539582363
0.4528020478989474
0.4407662640951704
0.45157779242577484
0.4515748120701011
0.44550378626158005
0.4310325485960648
0.431029668728668
0.4193090560852386
0.43015097165056376
0.4301480682880161
0.41833296318011365
0.4238819854110001
0.42387910618940317
0.418014183141285
0.4167607494690132
0.41675791854497907
0.41099090355916146
0.40590312117519595
0.4059003546975191
0.3946417366598642
0.40483874057966257
0.4048359563471379
0.39350567844877105
0.40391540328310177
0.40391260054282896
0.3982026633330362
0.3928629700851436
0.3928602326318439
0.38171856966969925
0.39178113899219863
0.39177838556912387
0.38057230087277527
0.3908329328126268
0.39083016272873927
0.3851860914183511
0.37956548619456854
0.37956278228352025
0.3685560669790652
0.3784338978890553
0.3784311799516896
0.3673679085228305
0.3774281144224021
0.3774253818426193
0.37185690960199436
0.35966104023023326
0.35965838220880647
0.348834001520411
0.35871899387197326
0.35871632187903474
0.3478359810416536
0.35788496112121837
0.3578822747990087
0.35240630963526026
0.34248633177023624
0.34248370598640365
0.33178463197903607
0.341431898279129
0.3414292603267301
0.330681280432512
0.34047872032553406
0.3404760699340364
0.32967701537354294
0.3396261407852581
0.33962347740686133
0.3341915928500085
0.32379736177912205
0.3237947516411205
