0
4.377395868301392
18.738730430603027
32.39734435081482
36.01802158355713
38.21218490600586
40.38321256637573
54.802287340164185
57.06095886230469
61.54049563407898
76.30826306343079
81.53663468360901
86.01575088500977
101.09708642959595
106.29198598861694
110.77017498016357
125.56762099266052
130.7800281047821
135.97466778755188
150.76456665992737
155.97152948379517
161.16876101493835
175.96108031272888
181.13891625404358
186.34541702270508
201.24618697166443
206.42522263526917
211.62434673309326
226.5700478553772
231.7666962146759
236.96533846855164
251.73034572601318
256.9226896762848
262.0809347629547
276.86612939834595
282.0853955745697
287.26009583473206
302.2128698825836
307.3991746902466
312.5850582122803
327.28629088401794
332.47657227516174
337.89351177215576
352.7663128376007
357.96410942077637
363.1685974597931
377.88195848464966
383.04877257347107
388.2332158088684
402.95242524147034
408.14444756507874
414.087872505188
429.0538625717163
434.33239364624023
440.2365734577179
454.98179745674133
461.0343039035797
464.76783776283264
479.49777150154114
484.6874511241913
490.67435002326965
505.4013018608093
511.34242725372314
515.0709142684937
529.9261095523834
535.7626950740814
539.4748194217682
554.2183110713959
560.1055743694305
563.8011267185211
578.7208366394043
584.6304757595062
587.5986247062683
602.2972621917725
607.4650068283081
613.3693110942841
628.143248796463
634.0220074653625
638.4775068759918
653.2167205810547
659.1554052829742
663.6088840961456
679.1292195320129
685.0512068271637
689.5170104503632
704.6314854621887
710.5527808666229
715.0190880298615
729.636864900589
735.4955770969391
739.891904592514
754.9704570770264
761.7791180610657
766.2293455600739
780.801839351654
786.7093069553375
791.1610283851624
805.9162514209747
811.8312158584595
816.4332485198975
831.2422049045563
837.1459567546844
841.5801320075989
856.294652223587
862.2062480449677
866.6599824428558
881.3977324962616
887.2558073997498
891.7018754482269
906.4376537799835
912.3593246936798
916.7904126644135
931.5225713253021
937.4602382183075
941.9872090816498
956.8457913398743
962.7878105640411
967.9798369407654
982.7474324703217
988.6680705547333
993.8458881378174
1008.5205709934235
1014.4176249504089
1019.6041576862335
1034.3549275398254
1040.2478048801422
1045.3843920230865
1060.365066766739
1066.3141856193542
1071.4783251285553
1086.3612382411957
1092.3127129077911
1097.4907386302948
1112.260166168213
1118.1747796535492
1123.349688053131
1138.182378768921
1144.0899238586426
1149.2651636600494
1163.9881432056427
1169.9047167301178
1175.1075398921967
1189.9926159381866
1195.9135782718658
1201.8443417549133
1216.59965133667
1222.533701658249
1228.4920835494995
1243.2122099399567
1249.1901485919952
1255.1508572101593
1269.904424905777
1275.8840038776398
1281.833122253418
1296.697244644165
1302.6524877548218
1308.5758473873138
1323.3153896331787
1329.2173840999603
1335.1098070144653
1349.8950531482697
1355.8443322181702
1361.8086972236633
1376.4615936279297
1382.3176469802856
1388.1733906269073
1402.761581659317
1408.6309778690338
1414.469135761261
1429.198840379715
1435.0942540168762
1440.9774689674377
1455.541493177414
1461.403347492218
1467.256511926651
1481.8425834178925
1487.7032775878906
1493.561462879181
1508.2132894992828
1514.105248451233
1520.0094130039215
1534.618322134018
1540.6041855812073
1546.5331103801727
1561.1324210166931
1566.9932489395142
1572.8974587917328
1587.5381140708923
1593.3949625492096
1599.2473196983337
1613.8556609153748
1619.706262588501
1625.5611147880554
1640.1291360855103
1645.9714584350586
1652.556317806244
1667.3005163669586
1673.874484539032
1677.5540249347687
1692.1764991283417
1698.8189103603363
1702.4945797920227
1717.233592748642
1723.8753876686096
1727.5803496837616
1742.3422722816467
1748.9658863544464
1752.6732075214386
1767.3948469161987
1774.050155878067
1777.8531169891357
1792.6664204597473
1799.346242904663
1803.0661973953247
1817.801432609558
1824.4636447429657
1827.4673385620117
1842.2062845230103
1848.8578190803528
1851.8427727222443
1866.6265976428986
1873.3176908493042
1876.3094644546509
1891.0944738388062
1897.9103183746338
1900.9324221611023
1915.720490694046
1921.684265613556
1928.352144241333
1943.2036089897156
1949.8688805103302
1954.3146333694458
1969.0918364524841
1975.782695531845
1980.2257657051086
1994.9891765117645
2001.9436132907867
2006.5070493221283
2021.4262187480927
2028.0787677764893
2031.7935557365417
2046.5909054279327
2053.260760784149
2056.9788949489594
2071.811147928238
2078.4904186725616
2082.2322659492493
2096.980445623398
2103.632834672928
2107.3510553836823
2122.077173948288
2128.706685781479
2131.6807973384857
2146.658174753189
2153.3058774471283
2156.31977891922
2171.0509502887726
2176.954265356064
2183.5850343704224
2198.248707294464
2204.889877319336
2209.333639860153
2224.1142840385437
2230.808841943741
2234.5265674591064
2249.2681925296783
2255.9175362586975
2259.654958486557
2274.4123973846436
2281.0625097751617
2284.763440132141
2299.4596889019012
2306.0599629879
2309.0177671909332
2323.664607524872
2329.527578353882
2336.1205611228943
2350.690461874008
2357.296740293503
2361.719185113907
2376.440705060959
2383.079731464386
2386.7628252506256
2401.357977628708
2407.9756004810333
2411.6563036441803
2426.234850883484
2432.833245277405
2435.7673828601837
2450.411427259445
2456.2825582027435
2462.8828275203705
2477.5354108810425
2484.1565957069397
2487.764533519745
2502.5438311100006
2509.108161211014
2512.8075273036957
2527.470226049423
2534.102963209152
2537.0735943317413
2551.727767467499
2557.6112756729126
2564.15221118927
2578.811606168747
2585.449695825577
2589.151844263077
2603.9179887771606
2610.598545074463
2614.3143162727356
2629.1938285827637
2635.8169796466827
2638.7981293201447
2653.6857903003693
2659.6234006881714
2665.5205154418945
2680.321611881256
2687.014529943466
2689.9902353286743
2704.789710044861
2710.7316601276398
2716.716315507889
2731.5199570655823
2738.3292305469513
2741.3419206142426
2756.1415753364563
2762.0187747478485
2768.7038044929504
2783.5519323349
2790.2076258659363
2793.9490978717804
2808.6324961185455
2815.2725415229797
2818.274174451828
2833.1023473739624
2839.0576260089874
2844.9942820072174
2859.834938287735
2866.4887642860413
2868.728270292282
2883.4985044002533
2889.402807235718
2895.3675043582916
2910.138237953186
2916.0651817321777
2922.720419406891
2937.5279541015625
2944.1895587444305
2947.940190076828
2962.665258407593
2969.315796136856
2972.289824962616
2987.1267426013947
2993.0389449596405
2998.961182832718
3013.768166542053
3019.71298623085
3025.636085510254
3040.3666915893555
3047.056493282318
3049.9883534908295
3064.7027468681335
3070.654620885849
3076.6172313690186
3091.39955329895
3097.4094557762146
3103.340538263321
3118.1138546466827
3124.7896087169647
3127.763818502426
3142.5240976810455
3148.4367661476135
3154.3516788482666
3169.121781349182
3174.987149953842
3180.8413195610046
3195.373639822006
3201.970005750656
3204.1861374378204
3218.860473871231
3225.5500497817993
3232.129199743271
3246.9904322624207
3252.9538888931274
3258.865035533905
3273.6229577064514
3280.3027999401093
3282.5503408908844
3297.3043253421783
3303.247989177704
3309.166771173477
3323.97084069252
3329.914705514908
3335.8421306610107
3350.5784051418304
3356.500336408615
3362.3505787849426
3377.266717672348
3383.995079755783
3386.252657175064
3401.056032180786
