4461.518444935384
217.08102739845594
36.34167805948414
8.780641468524209
0.10369812897238262
0.009477870193677518
5.828846201438864e-05
2.971614776470233e-07
9.521500032860786e-09
2.1689174900529906e-09
2.1675532480003312e-09
1.3642420526593924e-11
1.2960299500264227e-11
1.432454155292362e-11
1.8189894035458565e-12
6.821210263296962e-13
1.1368683772161603e-12
6.821210263296962e-13
0.0
2.2737367544323206e-13
2.2737367544323206e-13
2.2737367544323206e-13
2.2737367544323206e-13
0.0
4.547473508864641e-13
6.821210263296962e-13
6.821210263296962e-13
6.821210263296962e-13
6.821210263296962e-13
6.821210263296962e-13
6.821210263296962e-13
6.821210263296962e-13
6.821210263296962e-13
6.821210263296962e-13
6.821210263296962e-13
6.821210263296962e-13
6.821210263296962e-13
6.821210263296962e-13
6.821210263296962e-13
6.821210263296962e-13
6.821210263296962e-13
