7.839798343368806
4.481299811199894
0.9379397802704025
0.8398448001596173
0.4003767942240513
0.19206751151952725
0.22154808435734505
0.18253730041325503
0.5047950864459153
0.3954477242567515
0.23986522368983554
0.08857683742376721
0.12204694935818854
0.14269941787221005
0.11924628640790233
0.25373046871116567
0.10490541425447292
0.2339927558136387
0.21617691408267922
0.0873235847130285
0.7893932137585894
0.36994230292894026
0.10727374678734501
0.08573803380554615
0.04621407305192354
0.04523047098902882
0.03913093954417334
0.044058366532674975
0.23156638574650554
0.04404940338812966
0.06863489265557396
0.12079609525447238
0.04972624020662312
0.007775198216156911
0.007571006175157756
0.008113551507150478
0.013745130821202886
0.0049625603356400925
0.002799689451376061
0.0018335604468240744
0.00231514147105587
0.005775625024362322
0.010340460897471083
0.01727675297487741
0.02161042184231649
0.01618353553479199
0.004287678044453222
3.079449907252732e-05
1.1447502253237116e-05
9.459805158153622e-06
4.821765454209441e-06
5.072157316217354e-06
2.6652830544388416e-05
4.531023260918705e-05
6.225109062692479e-05
4.926101967939663e-05
1.7892946177829307e-05
2.5140734070481055e-06
7.021858248629273e-08
