77.19651940305859
23.506692444491215
9.601773106257657
4.689355465694274
0.14084155170438875
0.02714831985954225
0.011888098594792134
0.00048122598394054726
0.0001366600752209716
3.0581626812420607e-06
3.0566115152760587e-06
5.057098789885495e-07
2.375910774904161e-07
2.1546330182718525e-07
5.609456176089425e-07
6.902676562589565e-08
6.893631694073938e-08
3.037335212198676e-07
1.1179679259333859e-07
4.5157903731217006e-08
7.388226384202676e-08
3.7132303103576465e-08
3.4391597439390614e-08
2.9290234069894993e-08
2.985643619660232e-08
2.9855519646137665e-08
2.9855519646137665e-08
2.9855519646137665e-08
2.9855519646137665e-08
2.9855519646137665e-08
2.9855519646137665e-08
2.9855519646137665e-08
2.9855519646137665e-08
2.9855519646137665e-08
2.9855519646137665e-08
2.9855519646137665e-08
2.9855519646137665e-08
2.9855519646137665e-08
2.9855519646137665e-08
2.9855519646137665e-08
2.9855519646137665e-08
