127.38741769190291
22.97112590636958
15.601706390788916
14.14044578721016
10.645749164949516
3.8205006141619697
0.06261712011447185
0.017836627570532164
0.0015081691160184056
0.001496259873631395
0.0014960787163601657
0.0001395844687671236
0.00013915302215895218
0.00013905417560254013
5.227328495219316e-05
5.2157257157343504e-05
5.2149371592761734e-05
2.3995449606742075e-05
2.3980453902203266e-05
2.3952399702578653e-05
2.356793096963833e-05
2.354059530465781e-05
2.3529774835228498e-05
2.3502546542177136e-05
2.3421050391539355e-05
2.342102384009824e-05
2.3421023827788753e-05
2.342102382507459e-05
2.3421023822360437e-05
2.3421023822360437e-05
2.3421023822360437e-05
2.3421023822360437e-05
2.3421023822360437e-05
2.3421023822360437e-05
2.3421023822360437e-05
2.3421023822360437e-05
2.3421023822360437e-05
2.3421023822360437e-05
2.3421023822360437e-05
2.3421023822360437e-05
2.3421023822360437e-05
