0
11.756835699081421
19.829920530319214
30.792988300323486
37.3252067565918
46.00243616104126
56.853660345077515
67.75823736190796
74.18989396095276
82.97887086868286
89.70615148544312
96.31276416778564
111.91557216644287
120.68593072891235
127.17514300346375
136.06795406341553
144.83294486999512
160.35293459892273
166.86646342277527
173.25979685783386
179.71059584617615
188.3794629573822
197.27420735359192
203.7219271659851
210.38323092460632
216.84372544288635
223.2768795490265
229.74591660499573
236.28347277641296
242.81317710876465
249.25163960456848
255.61638975143433
262.036732673645
268.5160140991211
275.02498984336853
281.5796802043915
288.0890259742737
294.6177587509155
301.0980553627014
307.51702642440796
313.8990914821625
320.34975266456604
327.04083156585693
333.47409772872925
340.0509135723114
346.48634219169617
352.9211983680725
359.5325200557709
365.9699022769928
372.3773205280304
378.79562163352966
385.1885828971863
391.63659954071045
398.20337295532227
404.64811873435974
411.08563351631165
417.45945620536804
424.02166962623596
430.4431703090668
436.7527847290039
