15.411648750305176
21.556127309799194
29.817575931549072
38.442620515823364
47.55856466293335
56.99496817588806
71.15823674201965
81.86370658874512
93.25392651557922
104.8075602054596
116.64022541046143
128.46968984603882
140.98488521575928
153.71711587905884
167.24562740325928
181.01475262641907
195.14834547042847
209.71591591835022
224.5604727268219
239.94342017173767
255.61098170280457
272.0482807159424
288.8230731487274
306.0421917438507
323.93900752067566
342.66881680488586
359.8017885684967
375.5822615623474
392.6260528564453
410.138676404953
426.25253891944885
443.5539357662201
461.70099925994873
478.3628330230713
496.23148465156555
512.7148506641388
531.087907075882
548.1995494365692
566.706273317337
584.0127091407776
602.580570936203
