5595.412843593695
131.85064452874144
107.32712441975696
18.362130113538342
10.508365151747512
2.013966283179343
1.9447280959709587
1.923868231868255
1.877227420915915
1.7566852599504728
1.5683845884636867
0.7643357659376306
0.5428612435764535
0.5222745637802291
0.5198593239613274
0.5176764887155514
0.5071532104389007
0.4845509419708378
0.45044818911173934
0.4171527597977729
0.3659766212570048
0.24547408656599146
0.11119399575136413
0.019726227876390112
0.011799027247434424
0.010802455876500971
0.01038917936807593
0.010262235250593221
0.009648561442418213
0.007845629729899883
0.002458074263358867
0.0005506401507773262
0.00036838401274508215
0.0003632156135608966
0.00036208707729201706
0.0003586677071325539
0.000348830234088382
0.0003203974383723107
0.0002543313980822859
0.0001460255125493859
5.105705054120335e-05
1.0249581464449875e-05
