136.0984486197334
72.25131801036903
44.79532302515338
55.99454043811722
50.79046641544734
52.37026501499294
52.22412540425403
52.08188105575269
51.561661178364375
49.239313933389916
47.07759741242148
30.625552258233636
31.15711638456171
31.102842314882185
31.1855715176178
31.179530576500692
30.94066546067146
30.13316492660715
26.691172039994683
28.13317593294093
22.542835142317426
21.67307567913069
13.845446070262085
3.665694818256972
3.4804600582591725
3.504404247661525
3.5219828432011364
3.518930721237016
3.4413001650219184
3.0922106307206647
1.6849590182040153
0.9035504113873779
0.8202399451905104
0.8228299161048903
0.8234073443986275
0.8221491523803761
0.8133752353511212
0.7789910350673671
0.6815540225851977
0.4831854458148909
0.2544609500328373
0.11462564813958354
