0
11.581725120544434
17.45907950401306
28.260406494140625
34.54932522773743
42.966148853302
53.668580770492554
59.969712018966675
66.30499601364136
72.62181282043457
79.00723314285278
85.49334836006165
94.25495886802673
102.75307178497314
109.09996175765991
115.53904485702515
121.96621894836426
128.47805619239807
134.95919942855835
141.41353797912598
147.76490211486816
154.2124376296997
160.65141606330872
166.97159099578857
173.42993712425232
179.86941576004028
186.19435334205627
192.48724007606506
198.78717756271362
205.3391513824463
211.80962133407593
218.05642080307007
224.38597798347473
230.6948275566101
236.97806787490845
243.29536819458008
249.54974246025085
255.80218029022217
262.02847957611084
268.2731921672821
274.5580310821533
280.8974013328552
