6781.230075173587
1.2614290933195207
1.2592382370246042
1.2581202559876772
1.0956704140744051
0.5820686161391393
0.5811893226451161
0.36172438911700056
0.23646281554675852
0.23591387548003695
0.22476971135517942
0.09088397525509606
0.09073709307305933
0.028480509110750063
0.009965075678493918
0.009951246354944487
0.006188959398087945
0.005691846746742613
0.005681075773594557
0.005422499009597459
0.0038036390345723703
0.003794916907395418
0.0018543610684815803
0.0003548415875940236
0.00035447870513394264
2.7537273297184583e-05
5.224543997428555e-07
2.903888685068523e-09
