7.236094894406847
1.7863783541290048
1.7824442520420771
0.8568935742111676
4.514220332805774
0.5726136396017715
0.44264919321398677
3.5944519540740725
0.11387872608848323
0.10436514863555878
2.0559997063316433
0.2264989962269832
0.2005929329050278
1.134486290099398
0.06737144514590247
0.019622232615397965
1.103047215480938
0.01777342468186151
0.021632991618598853
1.082338570439698
0.0172491754489493
0.024696164115256776
0.429623186203987
0.01798020184305393
0.0052080213056584805
0.0006372736984201229
1.0921516590495828e-05
