10.684825813281842
5.809174950298696
5.80917097547553
5.809169600269822
5.727924051124473
5.436536590228253
5.436534112381551
5.146115813019968
4.7783834445816185
4.778382530119467
4.658978658344296
2.65616444436774
2.6561518245769884
1.182530980936923
0.9193509819783021
0.9193506499563018
0.8863725479472716
0.871204121775395
0.8712039979356379
0.8558840425142638
0.7132932667873011
0.713291241318338
0.46413569108987607
0.16153333521447222
0.16153229405679312
0.04072297018590714
0.007299167318512538
0.0006290601142797535
