0
4.346933603286743
18.75581407546997
31.672049045562744
35.299944162368774
37.479034662246704
52.217323541641235
54.45907163619995
56.707372426986694
71.60284614562988
73.86845421791077
76.11935210227966
91.01288318634033
93.27462387084961
95.53247404098511
110.94919967651367
113.36606049537659
115.81387090682983
131.20647168159485
133.46278381347656
135.71695137023926
150.59942889213562
152.84676551818848
155.09662914276123
169.99319171905518
172.23858284950256
174.48836469650269
176.6928927898407
