8.725128573042713
4.613364286627023
7.171686126240818
2.4851207011611165
1.2280140280798633
0.1154981442372579
0.08925434547540038
0.12221643805522246
0.34989405320770406
1.5346124662406821
0.9830039256438797
1.145385588638305
0.38528803386793276
0.0858648004791185
0.06701433590659339
0.03792453558752647
0.03492503589941078
0.08066633789139148
0.10526778320403829
0.3836791541779729
0.07014897929503279
0.2824724138315364
0.07493035302403837
0.01935525817196439
0.011659956369601456
0.006737468554643863
0.006230764203968088
0.007925827634809585
0.019804398381668333
0.03203486950212335
0.03211902057485179
0.007194780597407448
0.003204040992742791
0.001352221839296027
0.001398757079076646
0.003249129319557926
0.00581274617462085
0.010409493576878426
0.013808130082353027
0.011589443561791571
0.004750769175332061
0.0006734691153800644
8.243864431590751e-06
