0
12.347870588302612
18.562825441360474
25.129499912261963
34.24179983139038
43.33205461502075
57.121909856796265
63.77751088142395
70.56469964981079
77.35296845436096
84.47602725028992
91.20378279685974
100.20547127723694
106.97871732711792
113.80734086036682
120.62330627441406
127.44298052787781
134.2650876045227
141.07436347007751
147.8429079055786
156.91659545898438
163.71066856384277
170.64446425437927
177.41857242584229
184.20020174980164
191.00211429595947
198.90646314620972
206.11546993255615
212.93952894210815
219.98508620262146
227.31289219856262
234.50498604774475
241.2108211517334
247.94908833503723
254.6890263557434
261.41047525405884
268.2170283794403
274.98802757263184
281.6472280025482
288.5122981071472
295.24353289604187
301.985520362854
308.76698303222656
315.49204540252686
