4461.518444935384
83.5309178791806
10.085308724933384
2.865377713716043
2.7940359073979835
2.60663811215818
2.575239432231001
2.5549330971550717
2.501363489201367
2.443996700214484
2.2484268559799148
2.1955692433630247
2.1884180882207147
2.1859937354354315
2.1784428629100603
2.1776992005586635
2.173122066357564
2.166873904296608
2.1571368770446497
2.032612791006386
1.6657043069851625
0.6861144809429334
0.4330426074106981
0.2833104963297046
0.2613605676847328
0.25872370454749216
0.25766427512098744
0.25529434030818265
0.2467112050396736
0.2223356897056874
0.179838047214389
0.11536867739914669
0.028131314260008367
0.01640258108659509
0.014437906067996664
0.014361331255713594
0.013328876456625949
0.008239873042157342
0.0012126798071676603
0.0011700713998834544
0.0011635199821284914
0.0011575868577438087
0.001125019068012989
0.0010574917048415955
0.0008729494213639555
0.0005405072515713982
0.00016070396941358922
1.1197283811270609e-05
1.602763859409606e-07
