127.38741769190291
76.05327861076861
59.43880467663262
62.1769175194816
62.00505156383917
62.35717721036103
62.36813725700696
62.14705793330067
61.78928266988716
60.34444860332627
58.886095097215595
58.811104926815666
58.82245746586073
58.80069694354754
58.726512271319145
58.695101998366816
58.45637900378634
58.51612232158937
58.205386540572235
56.70681990415679
51.99042692852044
19.37758712994312
18.267828570170458
20.823401414000262
18.323991261833047
18.623048503881197
18.251872059056172
18.427745152895262
18.492737014397076
18.47081847797918
15.84114820410236
13.358469550382095
5.472351231521791
4.787748985131351
4.648654015338284
4.638727051754769
4.493188020426971
3.585883550437775
1.3435153145255174
1.335592603254085
1.3352840826834331
1.3324648133050636
1.3105855304018934
1.2563581295811894
1.088773534962309
0.7491963906549854
0.2890823539500005
0.06093896464609477
0.014255441073807397
