0
12.16476821899414
20.707213878631592
31.676676273345947
38.22484755516052
46.93415117263794
57.852330923080444
68.73539853096008
75.30977320671082
84.08668375015259
90.77118635177612
97.19068312644958
112.50608038902283
121.14946794509888
127.55998134613037
136.2093334197998
144.90427088737488
160.25996112823486
166.52964448928833
172.95021843910217
179.4078414440155
188.27790594100952
196.90022468566895
203.30065774917603
209.9310643672943
216.32410407066345
222.80154037475586
229.1888153553009
235.69117522239685
242.1381871700287
248.5869255065918
255.04203033447266
261.5690288543701
267.9737048149109
274.4565634727478
280.9723620414734
287.4867262840271
293.8627760410309
300.27663946151733
306.67774868011475
313.13907265663147
320.0645205974579
326.71182322502136
333.19038558006287
339.68423771858215
346.1429920196533
352.6049470901489
359.0968451499939
365.57084560394287
