3767.055394399875
3.9400515331037695
3.780243002342104
3.7102816272627024
3.6986081048253254
3.650556310102502
3.51003000898595
3.155557691476133
3.1096842111651313
2.817927603364069
2.141273294963412
0.6069396034429246
0.522969438652126
0.5206368619428758
0.514618450522903
0.4875808645738289
0.4401806701791884
0.3280235365637054
0.18261714593950273
0.08072827741057154
0.057589006265970966
0.05502853259622498
0.05458470032067453
0.053386419984235545
0.051850167350721676
0.045547177283197016
0.034020599388668415
0.01843922426564859
0.0052656020855010865
0.0009429337576420949
0.0004701782168012869
0.000455944342093062
0.0004546726224816666
0.00044872026273878873
0.0004363904408819508
0.00040348275570067926
0.0003337227128668019
0.0002121608490597282
8.198016234928218e-05
1.5928185121083516e-05
