0.3788619642450654
0.19565815407452108
0.2763452172488853
0.23099170478327286
0.47374437144532844
0.22704655208176658
0.8512566426221517
1.1168176636083245
0.13157060759702235
1.0965943589488998
0.38660216646134593
0.05054733613168214
0.04179343617891632
0.04225656738536278
0.044081556347557435
0.04159081188965952
0.04933394194975663
0.05916795194722203
0.024697164662975894
0.02397162915442378
0.022635538042766697
0.021234698906376578
0.0142133354539859
0.013358932548138578
0.014416872592006726
0.012977068290384437
0.008959035131213806
0.004227841286742035
0.001786905951336958
0.001090185100989693
0.0010218844944296153
0.0010173773035632612
0.001010480319261637
0.0010161544364432373
0.0010584498480140296
0.0011487358812330031
0.0011814772720717599
0.0008854566428117566
0.0003323619125282921
