0
11.815347671508789
17.730924129486084
28.604236364364624
35.04806089401245
43.801624059677124
50.30887508392334
58.858453035354614
67.31074833869934
76.07518792152405
84.97267699241638
91.58326768875122
99.38896632194519
105.76554274559021
112.25497555732727
118.77128767967224
125.20317482948303
131.69801664352417
138.10484886169434
144.4984393119812
150.9519248008728
157.37405967712402
163.8469226360321
170.2629587650299
176.66265177726746
183.07072567939758
189.5370011329651
196.02258610725403
202.52409863471985
209.1058542728424
215.5503523349762
221.96606755256653
228.56303906440735
234.9964907169342
241.38254308700562
247.88555073738098
254.30901527404785
260.8330135345459
267.3250460624695
273.7789635658264
