12729.466128915185
5.64487664249873
2.6848189328227363
2.641019624515593
2.56371871394299
2.531209049578365
2.5202275358619772
2.504998662222306
2.440976585256749
2.054849307597806
1.483986820690916
0.6092776010923444
0.3915805992901369
0.36871337791671976
0.3646553687810865
0.3632286140839369
0.35914062709161954
0.34880857370535523
0.19672091480606468
0.06700591575076942
0.031076063734644777
0.02472074320530737
0.024117843393696603
0.023314578758117932
0.023057740593003473
0.01681790512475345
0.011659584181870741
0.0036896388953664427
0.001387393292361594
0.0010712936018535402
0.0010596365502806293
0.0010558619462699426
0.0010382579728229757
0.0010010692230935092
0.000903449621546315
0.0007054408515614341
0.0003958071697525156
0.00011836151952593355
8.950870551416301e-06
1.708428953861585e-07
1.3683506949746516e-07
1.3564044820668641e-07
1.353253082925221e-07
1.271312157768989e-07
1.1358383744664025e-07
7.214066499727778e-08
2.5882400223053992e-08
2.9467628337442875e-09
1.5438672562595457e-10
1.1368683772161603e-12
