12729.466128915185
97.76463055211093
6.9873127310395375
6.545044014417499
4.323858022346258
0.52470997303476
0.27009518167983515
0.03326721383541553
0.032503373138069946
0.008615643366965742
2.796077751554549e-07
1.281910044781398e-08
2.391516318311915e-09
4.959019861416891e-10
8.617462299298495e-11
8.571987564209849e-11
1.6825651982799172e-11
1.659827830735594e-11
1.6825651982799172e-11
2.0463630789890885e-12
2.9558577807620168e-12
3.183231456205249e-12
3.410605131648481e-12
2.2737367544323206e-12
2.9558577807620168e-12
2.5011104298755527e-12
3.183231456205249e-12
4.547473508864641e-13
0.0
2.2737367544323206e-13
0.0
6.821210263296962e-13
4.547473508864641e-13
2.2737367544323206e-13
4.547473508864641e-13
4.547473508864641e-13
2.2737367544323206e-13
2.2737367544323206e-13
2.2737367544323206e-13
2.2737367544323206e-13
2.2737367544323206e-13
