145.25062880382285
15.76186336870278
4.05995508939573
3.914387630972007
3.1068280216068827
0.04927223799202335
0.188395563564092
0.040141230738855976
0.019553353331838372
0.026280472368425546
0.0007348692231890657
2.0863989399181758e-05
1.3290793785957273e-05
8.845224794104757e-06
1.1531402059832103e-06
5.20446903157265e-07
3.4049537867882764e-07
2.941371528660008e-07
2.941102044403212e-07
3.784884161117893e-07
3.74610028034072e-07
3.746096351448894e-07
1.6313162897832563e-07
9.873678298842592e-08
9.396134856313374e-08
9.354308648960729e-08
9.287572508486443e-08
6.807293057107102e-08
5.456690257117529e-08
4.565298927595018e-08
1.0139271226918084e-07
1.0139107927252767e-07
4.803223566582247e-08
4.803208884416374e-08
4.80267720671195e-08
4.274486709282779e-08
4.273915292761756e-08
4.273915292761756e-08
4.273915292761756e-08
4.273915292761756e-08
4.273915292761756e-08
