2.839103516430559
0.3810174018881058
0.5518181851917615
0.1667533921455664
0.12935077269202805
0.09493494684641358
0.1451268516040152
0.2679443330971022
0.7234159430327053
1.0651400076843203
0.7738781499506496
0.19938084126158645
0.06437403849768651
0.034704355564079845
0.07808030265385486
0.03652194162353344
0.038363977150271476
0.4478902532488148
0.19139812726722874
0.12548976819760435
0.025701841206079736
0.019640253975974305
0.009232711393767147
0.008952160117203265
0.0264908615701131
0.034847844292024914
0.029068960830859178
0.010977348402065148
0.0020346854310644025
0.0016689307430569516
0.0016793846840932015
0.001785177546161793
0.002044999710662152
0.0025977743562239602
0.003244302368257439
0.003343333260069754
0.002275040311864212
0.0008026512204320928
0.00012775491122766466
2.2662200136365428e-05
1.654332677852766e-05
1.6528861851628484e-05
4.683800046286177e-05
8.219845350999167e-05
0.00013766017920725004
0.0001315020579630046
5.496418725439227e-05
8.675289637687766e-06
6.982986786880184e-08
