162.34438515904122
27.024494546943547
24.21245108172193
24.20103785704644
24.12173611477077
23.834080664437533
17.627768806994585
6.741183626062329
6.731449008184544
3.606518203854227
0.010787138053120149
0.004210441441477191
0.0020220782929399575
0.0008092642052404123
0.0003908739963964091
0.00038992606021161555
0.0001569439366847647
0.00015688887654151498
0.0001568888228242278
7.588888940723398e-05
7.588804046709666e-05
7.588804038377463e-05
7.584436280328922e-05
7.57579326710088e-05
7.567169878394629e-05
7.565017217332328e-05
7.556410539871395e-05
3.219649186016456e-05
3.1940641276873206e-05
3.189986514492561e-05
3.074928410579293e-05
3.0749283516432296e-05
3.0713467876986634e-05
3.071346729042813e-05
3.071344851439684e-05
3.0675004986223714e-05
3.067440527449712e-05
3.06744052374172e-05
3.067440522158914e-05
3.0674405213404516e-05
3.0674405213404516e-05
