16.195661306381226
22.381115198135376
30.919966220855713
39.96748495101929
49.08773922920227
58.559088945388794
68.43578314781189
78.61734175682068
89.59423971176147
100.94045162200928
113.06807065010071
125.44801425933838
137.89393401145935
151.0028748512268
164.7798318862915
178.08574795722961
192.00026202201843
206.49732112884521
221.47778153419495
237.05482935905457
254.46000361442566
271.1706097126007
288.0268404483795
305.00975012779236
322.27140831947327
340.21412205696106
358.42563796043396
377.2510540485382
396.8712751865387
416.48084926605225
436.89653730392456
457.4519066810608
478.75309467315674
500.8797540664673
523.5413722991943
546.326406955719
569.866456747055
592.2746865749359
616.2237803936005
636.9093742370605
660.0825579166412
