0
11.564651012420654
19.37349009513855
25.646251440048218
32.00064277648926
38.293444871902466
44.51666975021362
50.82967925071716
57.1423020362854
63.4840669631958
69.81101655960083
76.16725945472717
82.50327587127686
88.99259829521179
95.27154207229614
101.53082299232483
107.73463129997253
113.9537935256958
122.3626778125763
128.58655905723572
134.73256301879883
140.92990350723267
147.1431543827057
153.42947030067444
159.71855401992798
165.95502734184265
172.19935965538025
178.51157879829407
184.81008911132812
191.13244318962097
197.41270232200623
203.67534804344177
210.30705761909485
216.62108731269836
222.9916217327118
229.23359179496765
235.51591396331787
241.84715294837952
248.15110874176025
254.4682674407959
260.7537112236023
267.04582834243774
273.3204736709595
279.7515902519226
286.093186378479
292.3519079685211
298.6377522945404
304.8252637386322
311.0439386367798
317.2520115375519
