250.84439154858296
1.080488674203849
1.0786971481070253
1.0105907817163597
0.9505322614011931
0.9447771459510648
0.8339298243990214
0.8070610233193776
0.8015675313150439
0.7634147498766453
0.7520987763366946
0.7476066429954216
0.7069327865785908
0.584738465443138
0.5820697709434484
0.5818824104553357
0.4112196401830204
0.40974318514840036
0.40959263164010906
0.39314839987190453
0.39237662893371805
0.39076122771827215
0.2064818592440787
0.2053982521913582
0.2039761085835039
0.17866676879776833
0.1407294752973769
0.13972956633897127
0.1302392479553447
0.12146986013934225
0.12059839709334597
0.11077530968765359
0.040350467169758986
0.040252113676729095
0.03747618098749683
0.02092606914300177
0.020917215623668994
0.015785032413376143
0.010279669353522536
0.010276819410833582
0.00966743402989323
0.004700631721107129
0.004699430316193798
0.0028527638366853125
0.0004327397812886602
0.0004326253863666807
9.197339160493812e-05
2.1529094524908032e-05
2.1523735298956126e-05
2.0414351979525236e-05
9.631527063902467e-06
9.63137001974701e-06
2.4075514204469073e-06
2.0952103341187467e-07
5.585249596151698e-09
