6.509446537993101
1.7870021423713234
1.2371335222125703
10.109715557708805
1.7456262604691983
1.1126200809703222
9.865739658012718
1.3658290537975466
0.8908551882068568
9.382991474971487
1.197713682521908
0.9474188304113976
7.619553127158177
0.5591055516815084
0.5531463748020871
5.722930990819534
0.6715452507729169
0.667866892822353
4.2274132130869155
0.6950190751605277
0.6932980023334007
4.958266947467473
0.5460391000739584
0.5396782106674346
0.2599355174844366
4.745063353010914
0.22041659845899286
0.06383381223992815
4.440747910029311
0.06921935008885048
0.05863881762182416
1.7770513894145956
0.20761717810425348
0.13246012044711972
1.1124051927293337
0.26139395357979195
0.17471066410109448
1.037212899646189
0.1894126739226297
0.046979399656101144
0.7748359408551044
0.12806876068184825
0.020398002824035498
0.23915555626784096
0.03819847585090477
0.0030683784400033095
0.05244144457576261
0.0010228367276295502
0.0009830294403968157
0.006509670210975754
0.002096242652787267
0.0019302950478808797
0.0006959090608879598
8.618330330681674e-05
