6.138888395344939
4.40008499603643
4.400053627215643
4.402497408161646
5.412905369812452
5.41290237156023
5.394301990450264
5.397019605348554
5.3969125224336025
5.384248863274204
5.387789990116205
5.387735585201331
5.381049576754057
5.337734589018812
5.337724686657378
5.3280371330810725
4.824430810368542
4.824427113739028
4.821766924413694
4.278849972645894
4.278850915317205
4.279461950952565
4.2099058162256355
4.209906365535973
4.210541723903198
4.3787898414202004
4.182836431859716
4.1828363988632455
4.184875106496999
4.072255009556669
4.0722537881647405
3.913242817675258
2.1163562567133662
2.1163436742578026
0.4839561355737656
0.9113386881390625
0.9113332191522685
0.5541797410669492
0.574690545650438
0.574686909036159
0.11019776671159509
0.3852948278567621
0.3852922360788537
0.06526524557354041
0.12144841939058931
0.12144769026950648
0.046572373402559986
0.04347413252054648
0.043474122207282015
0.042165109831682854
0.027572969156700534
0.027572842923803957
0.012929843657361996
0.0038433349246099644
0.0006854358096636656
