0
4.354308366775513
18.73129940032959
29.439090967178345
31.620555639266968
46.06700873374939
56.23824644088745
65.08391666412354
79.83076810836792
89.40268850326538
98.46047115325928
113.33602547645569
122.94937252998352
129.6104235649109
144.51006150245667
151.90275955200195
157.0980405807495
171.84841132164001
179.2495744228363
183.7008285522461
198.43224692344666
206.558664560318
209.54322743415833
224.42664122581482
231.8447961807251
234.83316349983215
237.08471035957336
251.81171917915344
254.0525758266449
256.3074789047241
271.0667173862457
273.3222861289978
275.5776650905609
290.3765444755554
292.765789270401
295.77986311912537
310.5536823272705
313.5435185432434
315.79277634620667
330.5755305290222
332.8255579471588
335.093786239624
350.01681184768677
352.26474165916443
354.5781729221344
369.5722997188568
371.83855724334717
374.10723066329956
388.94840717315674
391.2017254829407
393.46139764785767
408.28319001197815
410.5498466491699
412.83233880996704
415.0936005115509
