3018.417371846438
288.45282022942524
171.13726068378298
99.96434509946698
50.894543610592336
8.439772152525393
4.314872275333073
3.216219357660975
3.21535695843545
3.113980287832419
3.076086077272066
2.8534126097595163
2.824489269809419
2.0987624140875596
2.0539525731862796
2.0060812057733983
1.904057171991326
1.1692349164673033
0.6713841078528731
0.6607732878296702
0.5929566180243455
0.5762332606236669
0.5563527077194976
0.5300144258865203
0.5174200712071979
0.4959713172438569
0.47269632031247966
0.4696159582351811
0.45567367188550634
0.4322007352325272
0.405679690407851
0.3825899188402673
0.35905100226113973
0.32190734761525164
0.31697917102906104
0.30093208822358974
0.2897231805238789
0.2868143648959176
0.28483638673810674
0.28295165791132604
0.2773084615055268
0.2622280345649415
0.24809287400034918
0.19407470977671437
0.1362446532332342
0.08417241964048117
0.05223817154023891
0.03034457066428331
0.028017241204906895
0.027500971118570305
0.027375975340873993
0.02715078294158957
0.02665680633140255
0.025304058990059275
0.02224862556045082
0.016117667619027998
0.007678566129698083
0.0016369502454836038
0.00012570200988193392
5.032544777350267e-06
1.823560978664318e-06
