17.775352952752876
20.808426942913474
15.716036596391344
11.158750681110364
3.7174424474379664
0.9077451646565555
0.12047666014252732
0.14960892309862536
0.14457746994476725
0.10955130984648812
0.6261055428657636
0.1032197467217346
0.23080836274472502
0.35069758958766667
0.4745453879338143
0.2959581794548491
0.8994123099073977
0.16983060946166728
0.20193663312594287
0.09817478085267219
0.059082238908995235
0.1373986652137598
0.05178619901749747
0.1168002318659286
0.128481409546137
0.09259148111234262
0.13850960495148384
0.07655026924152661
0.1431012311571063
0.10417912281458473
0.09689954304914453
0.23968353327436417
0.042188740893047666
0.18937518249495874
0.039918916598827854
0.09655191873279255
0.05306331243129142
0.03797322843775296
0.038025174143814684
0.0703425918082088
0.11166489013365277
0.29971378732053505
0.02668479152340578
0.20972735293512404
0.23515927040937235
0.20348264651487813
0.05953077369249374
0.028215832866593044
0.009862840967657835
0.008032025648728524
0.011442521011419385
0.02033194616766262
0.037056493718911204
0.05970373665096532
0.08131460353948425
0.07844535842968559
0.039225762035321035
0.006695869040091004
0.000587480429887873
8.72777806454529e-05
