125.76207891296865
82.26974672616326
56.934688723045454
73.24416911273335
61.507333453450265
70.95047326312508
70.98731020527295
71.3887428097613
71.40683597683427
71.91701055567346
71.72410732921648
68.2386691158064
69.48420885477404
60.091789939580615
59.02851310681044
57.456621457715826
56.56670723420983
37.96487735076534
29.946270605712098
29.328515017383054
29.72955294441779
29.6353540873928
29.27446299332223
28.443815093578884
28.2103888264434
27.01698754846148
26.777431238401213
26.637660178562918
25.939839984979006
25.345080970584686
23.996092448050835
23.612859852128338
21.140568793714447
21.111222858185688
20.93784539398202
20.36940148707855
20.070793957557896
19.572156377171982
19.758916114847935
19.543614907030932
19.623492833595602
18.407448888699392
18.255338193238817
16.57528599964021
14.11497173580241
9.566547154275618
8.078925485857049
7.002841690641815
7.053667475370609
7.048152033220234
7.016455759762463
6.957922771900598
6.842744230799663
6.547233994215672
5.902930136724407
4.615488883356428
2.7904827062584427
1.2912361956428302
0.4491755170791793
0.09601074136536056
0.06004003580892843
