0
11.81154179573059
26.733154296875
33.09953331947327
44.004242181777954
52.69931745529175
59.129364252090454
81.04232025146484
105.84404993057251
118.9676079750061
125.43106484413147
131.92856574058533
142.9617395401001
153.88900637626648
171.52493524551392
184.88323163986206
202.54192543029785
209.3380410671234
215.73327136039734
226.59384059906006
233.08176112174988
239.54476308822632
250.47338199615479
256.9775309562683
270.2324950695038
281.54058837890625
294.9198567867279
310.04909086227417
323.2837965488434
336.9380421638489
347.9012806415558
361.2083640098572
369.96702003479004
383.2096633911133
392.03259348869324
405.4303946495056
412.25548124313354
423.29878544807434
434.12707805633545
440.5560746192932
447.3828456401825
454.0375657081604
460.54934525489807
471.56785321235657
478.0178418159485
486.7593500614166
493.25263929367065
499.74403834342957
506.2368667125702
512.6883065700531
519.0950593948364
525.4680390357971
531.8794858455658
538.2367973327637
544.6751720905304
551.0855929851532
557.6281106472015
564.258686542511
570.8097462654114
577.3195459842682
583.7912347316742
