5369.943822042034
1.1512034421302673
0.9039507016762514
0.8870453990912921
0.5869830940192315
0.5736086942470422
0.5716328495695819
0.5582666913107346
0.5560062852528205
0.5470675406412084
0.5073867236907432
0.49516630254609595
0.4832991452838655
0.4092955560155076
0.3986876017567056
0.3986089691415202
0.37462392410901657
0.0373942168355228
0.03734331449872741
0.021798154388079638
0.018214871522687304
0.01819472192720184
0.017196741441793506
0.013522947247665229
0.013517494488226589
0.009316722377874953
0.004744698005467285
0.004740730678776117
0.0018980285657619334
5.685678361544433e-05
2.76877898386374e-08
