10.192129761521915
1.6674031910883138
1.6139212135722327
0.17529984547272295
9.955295242852158
0.17353101984044023
0.15984264745002566
9.948295465996999
0.16815807443525044
0.10786094160895715
9.964521081542586
0.5439210600341613
0.11875643459745085
1.375454706299755
0.1343735584584643
0.13361228095147168
1.4788397967950306
0.30537785275429763
0.09022638789073588
1.1937510622058396
0.0561895593111008
0.03373510087937835
1.044743906461618
0.05271409891677624
0.09889243190194984
1.0425157862301613
0.14191613941231626
0.0790465304274206
0.00977877156624436
3.724073068160117e-05
