13.573348680646033
8.302889203364236
8.302880416256462
8.302471702954705
8.283992652411543
8.289040964104391
8.28893869139573
8.267952330278865
8.27042346504198
8.270420668197143
8.070682226035817
6.837788404122412
6.837790355779635
7.200050826574915
7.20150343592429
7.20150150681768
6.9701227373256085
1.4834249682467635
1.4834242367211794
1.405377550892533
1.3444082707457476
1.3444081072000198
1.3239581255285955
1.1686485582232964
1.1686458458577662
0.8234518329140447
0.3760092064798431
0.376007639550564
0.17284925242223448
0.06603526169238125
0.0016436980322091204
