0
4.354634523391724
18.739205598831177
30.273824214935303
34.623979568481445
40.42216157913208
51.26043915748596
54.90890145301819
60.105040550231934
74.90405631065369
77.1679847240448
79.4092869758606
94.17240929603577
96.40807247161865
102.45532965660095
117.25936722755432
119.4704487323761
121.7152202129364
136.53274774551392
138.78465867042542
141.02582502365112
155.79340314865112
158.00147104263306
160.22671699523926
174.94178891181946
177.18695640563965
179.43619871139526
194.24714708328247
196.50494050979614
198.75666975975037
201.013658285141
