284.829450644289
0.5152437522143032
0.5116545459599564
0.5079368896978309
0.35362136774703856
0.35209484365965693
0.3507649216360704
0.349778842019262
0.3497575426154498
0.34929442763200313
0.3490560094166426
0.3489319940955937
0.3481669885521228
0.3478125056578989
0.3475947009301166
0.34644228440321
0.25716933507455053
0.2558155932900803
0.21286686114953568
0.17248104225869554
0.17133252264662246
0.17114834528709366
0.16510015973145187
0.1639215954471922
0.1625325807882092
0.14530533252586508
0.1442354216553099
0.14149161598609794
0.12109718069076791
0.1202480740464722
0.1163060121047863
0.08666418522916786
0.08623258933971556
0.054254782578681215
0.0020886365874588364
0.00017156521778360911
0.00017155089231835063
0.00015844985897217612
0.0001456308207963275
0.00014558374367368287
0.00012782659560173215
5.598871811685058e-05
5.5953570580413725e-05
4.546107291503176e-06
9.320433491666336e-08
9.318439708749793e-08
7.081837338773767e-10
