9.03141444261734
1.6831996035754007
1.6655365340055088
5.783207983545609
0.6446132216841922
0.6423416500276937
1.2680460708144483
0.6431780637398193
0.6423826650379403
1.8917522556056454
0.6425021307600012
0.6412235253719332
2.338435478170999
0.641420795943004
0.6396378318867074
5.487255869478814
0.5778882181508171
0.4760812430718098
5.0685988114815785
0.378977256175884
0.3697172348070788
5.158771513600276
0.5220984795557866
0.5002534718528093
4.894095790830296
0.2501395439623017
0.21236428509612482
4.39404501247078
0.1986201984189473
0.15063504047769127
3.2143048834701498
0.16805670687411636
0.17120017319025763
0.07862044354238143
0.08553487438852439
0.006069449025569717
0.0026944830892394406
0.1552911862778788
0.004903846839123167
0.006597853984934571
0.133456562962515
0.00929879141952326
0.004210290238277747
0.003138226225958189
0.0005422204022233004
2.39316717922114e-05
