5.166117768277641
4.864742019226834
4.864740593523011
4.864377599680185
4.826687298272009
4.826686491965852
4.82658161192542
4.826479082081347
4.826478646692017
4.826416705612129
4.826221834109435
4.826221591543981
4.826109320562591
4.825860563651767
4.82586052447603
4.825649667108647
4.666845241249145
4.666843290240081
4.566994282857943
4.414194373038903
4.414194218444862
4.414391983998376
4.203922128254195
4.2039230212250045
4.208171717927063
4.3233207194825996
4.323319410735931
4.301915781392878
3.95901625325412
3.959015648314847
3.924786037895397
3.3823141581178415
3.382308223263243
2.620358574469748
0.33018949834540645
0.11974925830651244
0.11974923489176097
0.11694664891531954
0.11195014318898967
0.11195005901386378
0.10095396831656193
0.060393050061749116
0.06039265753866407
0.010477737794440146
0.001836083521646813
0.0018360709870837671
0.00022784154974059815
