0
4.676602363586426
19.8390109539032
33.00777721405029
36.650562047958374
51.19962215423584
60.79208159446716
70.5143358707428
85.38270282745361
95.08436489105225
104.34550380706787
119.239919424057
127.90061950683594
136.8410336971283
151.73083353042603
159.94173955917358
162.21333289146423
177.06890988349915
180.08644485473633
186.0462486743927
200.82574033737183
206.7647635936737
209.74631714820862
224.71261978149414
230.727299451828
232.9749035835266
247.76310682296753
252.23328614234924
254.4932680130005
269.3753900527954
272.3602340221405
274.61405205726624
289.4074025154114
291.65150570869446
293.88666105270386
296.14031529426575
310.97107911109924
313.2561388015747
315.52474069595337
330.4427981376648
332.6804497241974
334.92982721328735
350.2313485145569
352.4159207344055
354.7011909484863
369.5841603279114
371.82975697517395
