610.6008779453789
9.230703705804217
1.5514046445823624
1.0991782489711568
1.0947363732198028
1.0774602742126262
0.9882180312358742
0.7212865770297867
0.4759995325116506
0.20485850387308346
0.1215581024914627
0.11946286907232206
0.1189493663932808
0.11830498470635575
0.11588309917624429
0.11055250491972402
0.0966544634584352
0.06257274168842741
0.02474439602997336
0.006537305096344426
0.0037851673823752208
0.0035283058221011743
0.0035052411521974136
0.0033821979222921073
0.0031440759410088504
0.002498935831908966
0.001462310699707814
0.00043074189511571603
6.914290634085773e-05
2.873337871278636e-05
2.7382705638956395e-05
2.7294682922729407e-05
2.6953139467877918e-05
2.620250597828999e-05
2.418553299321502e-05
1.9784195956162876e-05
1.1964910754613811e-05
3.895834197464865e-06
4.1126509131572675e-07
2.14608917303849e-08
1.416628947481513e-08
1.4098986866883934e-08
1.4057150110602379e-08
1.3772250895272009e-08
1.3204953575041145e-08
1.1688825907185674e-08
8.746383173274808e-09
4.407183951116167e-09
1.1064003047067672e-09
9.777068044058979e-11
2.7284841053187847e-12
