610.6008779453789
252.62406332480464
72.54158873321262
1.74301441602438
1.0642355740892526
0.9956438537669783
0.8287826833677627
0.46072583535396916
0.07049248360590354
1.4443419331655605e-06
1.1540100786078256e-07
4.432877176441252e-09
9.845280146691948e-11
9.686118573881686e-11
8.640199666842818e-11
8.526512829121202e-11
8.549250196665525e-11
8.390088623855263e-11
9.094947017729282e-13
4.547473508864641e-13
6.821210263296962e-13
0.0
6.821210263296962e-13
2.2737367544323206e-13
2.2737367544323206e-13
6.821210263296962e-13
4.547473508864641e-13
0.0
0.0
4.547473508864641e-13
2.2737367544323206e-13
6.821210263296962e-13
1.1368683772161603e-12
0.0
2.2737367544323206e-13
1.1368683772161603e-12
2.2737367544323206e-13
2.2737367544323206e-13
4.547473508864641e-13
0.0
9.094947017729282e-13
