4.557656588846858
1.0687535172218663
0.07870922716583424
0.060050584236611776
0.09010753255198442
0.23944421345775205
0.5928693326826322
0.7027933929934393
0.44588044296862056
0.04248509904511706
0.019290702258679984
0.016887569516103276
0.018285530219689032
0.028294463252685743
0.04440379960184052
0.06604191042147776
0.099955766821507
0.08755945084506167
0.029187983637035092
0.01180190923646269
0.0044546553320171135
0.004271739640867782
0.004890784875507278
0.007517498703079014
0.013000776817173302
0.01738242630667605
0.014206487961475361
0.005510657014441465
0.0007863176269336979
0.0002680003785839401
0.0002695064459485097
0.00027600572141156797
0.00029130820123791435
0.0003338972146489565
0.0004029375580895558
0.0004459568467333021
0.0003267169691023154
9.6259577935212e-05
8.465407508531916e-06
5.370519272530694e-06
5.377676101962478e-06
5.339942896918338e-06
5.5918189142556695e-06
6.7399081373739056e-06
9.663910235776505e-06
1.323667023032702e-05
1.4052400788449724e-05
8.785054336418809e-06
2.3793022440142656e-06
1.795930094077414e-07
