36.685298612159485
23.54328280339717
12.54729007154269
1.2735523980670183
0.09129356670107802
0.1723747511601234
0.20799001056446825
0.570401276763093
0.24722082093441233
0.0006479246396497246
1.8453399270432998e-05
9.85119018725813e-05
5.614874935246217e-06
5.51502891498462e-06
6.287075939411243e-07
5.812194445452156e-07
5.728812531649368e-07
5.712689792144075e-07
2.8135622778532877e-08
2.9883978505664585e-08
2.8528297068588368e-08
2.8200151458914453e-08
2.8200039705674292e-08
2.820003588098948e-08
2.8199172413448374e-08
2.8198717398398955e-08
2.8198696156747443e-08
2.8198637398965912e-08
2.819863606036895e-08
2.8198636348516292e-08
2.8198630798272517e-08
2.819863094923873e-08
2.8128931112073505e-08
2.711909001398296e-08
1.920305337122362e-08
1.6292293541269573e-08
1.6097035600758005e-08
1.579937178516614e-08
5.431872368830081e-08
2.3066163148681892e-08
1.1049443411085382e-07
