55.23457114947656
39.23695187593364
39.417475486654936
39.27490695887502
39.219104299909844
38.91201258419651
37.1457245637276
29.93117021315205
22.25115334507794
15.793833758164824
14.675132677337634
14.815806931075375
14.875538701041103
14.90345343245407
14.865819147973049
14.60346069363997
13.636849168916187
10.484694070838758
5.824101348813624
2.452223082186039
1.7246928253974838
1.706728562020151
1.715895793002571
1.7478134373431873
1.7664882943598608
1.7265028733594978
1.4556741976339278
0.8166448301161999
0.2942627844035918
0.20706245077882202
0.20655167826220402
0.2065174317087791
0.2057644119264498
0.20314316255420597
0.1943812589572128
0.17203696625416356
0.12509219388430642
0.06263803997755389
0.01897655477842997
0.005969014542230662
0.005279537305525516
0.005272868039563642
0.005265847675085413
0.00521380324958259
0.005101116754225799
0.004776162393682606
0.004074486221796327
0.00280759890220484
0.0013663851358949716
0.00041255548760243927
7.32998517439462e-05
