55.23457114947656
48.0801472354623
43.048345543026294
39.47148079353366
38.66400766529667
37.3960811096509
34.33849456217217
23.37299805301848
9.607781356882287
0.03628758497625794
0.013341565690796068
0.000970468022605448
0.0003318931191099301
0.00033188061623993094
0.0003306717750240975
0.0003300744296968665
0.00032955725411362865
0.0003290412695719915
2.1191072892852728e-05
2.1060164720178935e-05
2.1046730209365967e-05
2.1033041537485254e-05
2.1033010344814096e-05
2.1033010338617254e-05
2.1032905545124482e-05
2.1032846163275743e-05
2.1032842886800288e-05
2.1032836337175235e-05
2.1032836131130232e-05
2.10328357217881e-05
2.1032835697390146e-05
2.103283564617212e-05
2.1015154028356572e-05
1.2694137896357989e-05
1.2659017496170554e-05
1.2651693841968716e-05
1.2649864542938487e-05
1.264620661483e-05
1.1774916058449419e-05
1.1761329203988192e-05
1.0640941441335594e-05
