15.49850344657898
21.413864850997925
29.561554670333862
38.26007127761841
47.65149712562561
57.44507026672363
67.60861468315125
78.24861693382263
89.61336779594421
101.75114727020264
114.1610779762268
126.5114324092865
139.29201769828796
152.1305067539215
165.62526321411133
179.35360527038574
193.4746503829956
208.05145597457886
223.39546608924866
238.91764760017395
254.70771598815918
271.1916253566742
288.0914657115936
305.13408613204956
322.546982049942
340.6010720729828
359.20052337646484
378.1090316772461
397.6184401512146
417.60186195373535
438.0888979434967
458.95842242240906
480.77082920074463
503.0839304924011
525.5900857448578
548.5823619365692
572.0282802581787
596.3201417922974
621.1609477996826
645.7004070281982
671.2933886051178
