0
11.996109008789062
20.1773419380188
26.632017612457275
33.15264916419983
39.62374830245972
46.12221693992615
52.70857214927673
59.23733067512512
65.81857562065125
72.3966805934906
78.94729280471802
85.60728716850281
92.18713998794556
98.75542545318604
105.19291138648987
111.75032758712769
118.14110326766968
124.5686674118042
131.0867793560028
137.51299166679382
143.91070437431335
150.35083484649658
156.82958984375
163.29924130439758
169.81852221488953
176.2597153186798
182.67530918121338
189.19039583206177
195.67866468429565
202.11976313591003
208.85577392578125
215.4061484336853
221.83245849609375
228.32298374176025
234.7370400428772
241.2620565891266
247.80683541297913
254.17565655708313
260.66776514053345
267.0945019721985
273.53561663627625
280.0456659793854
286.59555315971375
293.1289083957672
299.619087934494
306.08972454071045
312.5505838394165
319.08126306533813
325.6507086753845
332.2126839160919
