2071.6047674981783
0.44567701524317727
0.4436257061364728
0.4397669796569659
0.3290525735912837
0.24196267081269696
0.2408041086046211
0.21714606470861497
0.20157556491895434
0.20054356486426173
0.18951415604647082
0.18233136387716797
0.18136088395445427
0.17467057573456657
0.1702462327629206
0.16931668440633985
0.16470695736308016
0.16147791023099956
0.1605801074268527
0.15715433106878152
0.1545309993192916
0.15366013022955372
0.15098111604461906
0.15032530855579296
0.149477587832493
0.1470632323672163
0.14694795309230813
0.14613098722963969
0.14584700011923246
0.14414894272752576
0.1433502752836091
0.1428449735257118
0.1411631775577007
0.1403833810478261
0.13967418836634238
0.13798951571776286
0.1372292398117736
0.13632724876568147
0.1346290845193039
0.13388906728982874
0.13280081596089133
0.13108333947661777
0.13036443367940365
0.12909232211171684
0.1273511029006329
0.12665432674548072
0.12519547390475338
0.12342262705577411
0.12274926348156612
0.1210915529066483
0.11988140530301905
0.11923884298632004
0.11867766441498873
0.11826271806431521
0.11765675334206094
0.11662924888642578
0.11582267549034952
0.11525406412509653
0.11382744885315788
0.11266765688900193
0.11213635141919553
0.11039941291119248
0.10893635739063257
0.10844207283366813
0.1064581627346115
0.10471874696372652
0.10426123209687432
0.10206017392221156
0.10004323125919257
0.09962241246050496
0.09720365147796883
0.09488123049045782
0.09449730712066184
0.09183261682741772
0.08914930075994221
0.08880283631130226
0.0858342427911225
0.08270093741485596
0.08239298129792871
0.07902252970201573
0.07530021933608566
0.07503250409187956
0.07109656748490067
0.06931994189547197
0.06910733541825209
0.0642457266699239
0.061964520724998806
0.06180127224781984
0.056526719379363044
0.054741709480978784
0.05461987121306322
0.04939442305268926
0.049047601282694586
0.048956623017886614
0.04403746891522076
0.03964371219630891
0.03957260425764275
0.03576485708617838
0.03215636620423368
0.032102043100977085
0.029107060408833263
0.026087432375490494
0.026046585772206754
0.02365606227367323
0.02108070313339283
0.021050341862931532
0.01910099152651412
0.016863888693279705
0.016841547751198505
0.015209454956348623
0.013247954776474558
0.0132316987540122
0.011835645197692202
0.010131697509265791
0.01012003221880775
0.00892131471810842
0.008464005985928225
0.008456530307270782
0.007310558783629517
0.006444339618397521
0.00643942067496539
0.005485719192705574
0.004559562996391264
0.004557114452836686
0.004335860540962244
0.0036762580433844505
0.0036747459793531334
0.0032922533886647898
0.0031510841907476106
0.003150098013136926
0.002598213914666303
0.0019762495183641704
0.001975281985394872
0.0015968195936579832
0.0011817415486348182
0.0011808651972273765
0.000803622879217869
0.00011654306024411198
0.00011646063597936518
2.036274493377732e-05
2.4781968335219062e-06
3.1556481872030417e-09
3.1544544754069648e-09
