6.970007187276059
1.6798835043152143
1.6680360968483434
0.27259273724476796
5.1869006440117715
0.9999366698428643
0.6590509921103682
4.883755528003529
0.800751141336661
0.5904754957651314
4.729861066300416
0.6895448047392768
0.5391010227814659
4.62544602833386
0.6125054061692073
0.49760833662510795
4.543525733262723
0.5524692404563578
0.46172048703133023
4.473444460259775
0.5020447256256666
0.4291381543631266
4.4156404108556
0.4828297866025242
0.4198359069068045
4.341576659659829
0.4890987213929387
0.3745173468973383
4.295076874869867
0.4789078100108292
0.37232921005128683
4.246283383067405
0.4659716705119722
0.36697038678399263
4.194952169583733
0.45028687753674135
0.3587135481221163
4.140792549367067
0.43180846773738474
0.34771094534045527
4.083423201403301
0.41043922055981924
0.3340140329784792
4.0222974309071855
0.3860063094050938
0.31756947626710263
3.9565525720151333
0.3582077296893161
0.298179639846207
3.871767847624167
0.35268792896861184
0.24249826170637317
3.7738167802048577
0.39386627057474033
0.2769122422296431
3.669107621979606
0.41775902134875487
0.2972205455244627
3.5599184301701468
0.4301339928926484
0.3081490871208325
3.447028805301981
0.4350274803709678
0.31300296137052824
3.3302955039485793
0.4349141091183775
0.31383314489961944
3.208916052947178
0.4311501290170826
0.31180106343307157
3.08149469065513
0.42431845627561365
0.3074583015583934
2.9459389874553397
0.4144284708158144
0.3009096074787007
2.7991450817961687
0.4009821473997952
0.29186818207363596
2.636310184492481
0.3828960788705696
0.27958838536052427
2.4082625907603963
0.4337604229902234
0.3258077720474336
2.1799869912342538
0.46059928029091585
0.3477674201470933
1.9669001261535828
0.4793879924653264
0.360489328705702
1.7920876970157524
0.4959422371011999
0.36971738998206694
1.6516567531118314
0.4430478258171552
0.3244157108209939
1.5256687190242155
0.4031308525182023
0.29103548023271425
1.416951334887171
0.3700001145655338
0.2644116186146504
1.3255139324460303
0.3392492926111145
0.2408745095878523
1.2496605869597555
0.30790372141735306
0.21793547516107772
1.1871431947244842
0.274143647685551
0.19402397767707683
1.1359513507413521
0.23710055141942774
0.16828918989907282
1.0919635447913152
0.22325676465421057
0.16010050784429863
1.0594418848364218
0.18838556245253632
0.13604325282301172
1.0268069444806844
0.14557445013154038
0.06651229981191006
0.8819277257867122
0.11944960275226836
0.05634872270110689
0.7121142980289648
0.1041496150475527
0.051835915664866915
0.7048988368540314
0.05528653664075986
0.00853271065305818
0.6693503690721211
0.008858877662714234
0.006812287144066281
0.20471349272458525
0.02047694837916391
0.002234447580290849
0.0011220564522248645
0.0007719343816084184
1.2181380792841792e-05
