5.173118633793559
4.155921065058198
4.155919424442599
4.155707462873266
4.134226171064337
4.125832051481249
4.125831278736303
4.12020322367207
4.113805027594425
4.113804543460863
4.110116294574141
4.102420487843399
4.102420119882389
4.099543882381427
4.0909628026251745
4.090962494341259
4.088504538641382
4.079191501490048
4.079191224504633
4.076944105306669
4.066944922885341
4.066944658086107
4.064762520817024
4.043373601441588
4.043373372079468
4.041449672416444
3.9953061080879837
3.9953059015590333
3.991829629009889
3.9728859886310577
3.9728857799080806
3.9693549105562993
3.9503976762941218
3.9503974586231476
3.946701332551225
3.9276258287302874
3.927625594729815
3.92364255674452
3.904332303212579
3.9043320441501566
3.899917303195247
3.8802310083105342
3.8802307129727818
3.8751976512566526
3.8549469219860732
3.854946574644992
3.8490329414395013
3.827936654790376
3.827936230923554
3.8207329252299354
3.7759095615095806
3.775909033208859
3.7580557149510314
3.6874407014879433
3.687440210139284
3.6709059749004243
3.600804619305086
3.600804140577605
3.584773190632296
3.5148991304073016
3.5148986354549256
3.4984110740860936
3.4280143205772005
3.428013781267741
3.410137786445888
3.3383669742912674
3.3383663628873865
3.318186391478551
3.2441213685500947
3.244120655194875
3.2206538123021935
3.1432156280251182
3.1432147767688567
3.115279768226143
3.03305386012728
3.0330528225885933
2.9990617716625962
2.909980962949358
2.909979666657158
2.86755616185403
2.7682693396361375
2.7682676630611174
2.7134300277992507
2.4828660591115312
2.482863964727409
2.414790300294692
2.1845604852014184
2.184558002607438
2.1040618051904594
1.8755852900802032
1.8755826940938276
1.7915631604291116
1.585366127254071
1.5853637970673156
1.5101496961782734
1.4280773064025711
1.4280747591910752
1.3457678643156121
1.257883989406088
1.257881524812827
1.1783022686063604
1.0913696209652461
1.0913674392812032
1.0210595717564572
0.9395787725224667
0.9395769842620229
0.8821166882295526
0.80886054117599
0.8088591800129371
0.7652814983686171
0.7018848827416267
0.701883922296575
0.6712501381479944
0.618635755045277
0.6186351267539828
0.5986499497167779
0.5224836672100325
0.5224835113058819
0.5176917372624489
0.48038673388756187
0.4803866855051266
0.479190154075415
0.4474835638965152
0.4474834128108996
0.4420397229495013
0.432936352118973
0.4329360850736655
0.422680603700997
0.41265032862656853
0.41264998057702396
0.39902408232339065
0.3802404109574762
0.38024025060010097
0.3707991093954503
0.33221376866423896
0.3322132060957701
0.25878931843042385
0.09409441205204122
0.09409374987320981
0.00989214698910545
0.014868793682810763
0.0005749316939211443
0.0005749279188306882
