0
4.736827611923218
19.902925491333008
32.51636552810669
37.860958099365234
41.802143573760986
57.61174488067627
63.063499212265015
67.73226404190063
83.72127079963684
89.19581651687622
93.6969563961029
108.91947817802429
114.14818358421326
118.60807228088379
133.54441738128662
138.75492358207703
143.22125387191772
158.0272660255432
163.4077343940735
167.89255332946777
183.39324855804443
188.602641582489
192.30810856819153
207.11335921287537
212.3116750717163
215.32206225395203
230.2014877796173
234.65610694885254
239.12370252609253
254.08286547660828
258.5510923862457
263.03249073028564
277.8421459197998
282.5459108352661
287.04313135147095
301.89472699165344
306.37819385528564
310.8648200035095
325.65244221687317
330.14009261131287
334.59187054634094
349.6159842014313
354.11484932899475
358.59994554519653
373.4087727069855
377.8714656829834
382.3430771827698
397.1401951313019
401.67300486564636
405.42333722114563
420.20128631591797
423.93591570854187
427.68072843551636
442.4322147369385
446.16637682914734
449.87204122543335
464.64965200424194
468.2971839904785
472.0337631702423
486.910263299942
490.49998140335083
494.2094089984894
509.06974482536316
512.8101241588593
516.5647332668304
531.4972894191742
535.2276287078857
538.9587364196777
553.8245832920074
557.5631639957428
561.303085565567
576.1054790019989
579.8622469902039
583.6597826480865
598.4442732334137
602.1670718193054
605.9170620441437
620.7432339191437
624.5122981071472
628.231369972229
643.1695523262024
646.8786866664886
649.8707740306854
664.7047078609467
668.453996181488
671.4459373950958
686.3273591995239
690.0333333015442
693.028960943222
707.889625787735
711.6398301124573
714.6411197185516
729.4542634487152
733.1609590053558
736.8859961032867
751.7242088317871
755.453670501709
759.1881220340729
774.2495794296265
777.9912941455841
781.7063965797424
796.7482550144196
800.4718816280365
804.2392156124115
819.0953989028931
822.8197686672211
826.5475859642029
841.3535599708557
845.1045551300049
848.8270592689514
863.6253604888916
867.3438110351562
871.06583070755
886.2585604190826
890.0114810466766
893.0137708187103
907.802116394043
911.538286447525
914.533763885498
929.3460655212402
933.0653636455536
935.3088338375092
950.081919670105
953.0626361370087
956.075047492981
970.8838481903076
973.8621208667755
976.1139433383942
990.9295370578766
993.9259481430054
996.1821615695953
1011.1622996330261
1013.426694393158
1015.6911017894745
1030.5438435077667
1032.8020799160004
1035.057374238968
1049.9086513519287
1052.170312166214
1054.4428865909576
1056.6903796195984
1071.4763016700745
