7351.425338271589
1201.8075507659744
72.9144357513062
3.42247526784422
3.368691213231614
3.314778810496364
1.650682269138997
1.6011042436180105
1.591617890306452
0.9968882028451844
0.0003306719145257375
1.7947404558071867e-06
4.761659511132166e-09
3.055902197957039e-10
2.944489096989855e-10
2.935394149972126e-10
2.2737367544323206e-12
3.183231456205249e-12
1.8189894035458565e-12
1.8189894035458565e-12
2.2737367544323206e-12
2.7284841053187847e-12
2.7284841053187847e-12
2.7284841053187847e-12
2.7284841053187847e-12
2.7284841053187847e-12
2.7284841053187847e-12
2.7284841053187847e-12
2.7284841053187847e-12
2.7284841053187847e-12
2.7284841053187847e-12
2.7284841053187847e-12
2.7284841053187847e-12
2.7284841053187847e-12
2.7284841053187847e-12
2.7284841053187847e-12
2.7284841053187847e-12
2.7284841053187847e-12
2.7284841053187847e-12
2.7284841053187847e-12
2.7284841053187847e-12
