7351.425338271589
105.65892151716912
31.94482526982779
22.936537295153812
5.559503642869686
3.587324628553233
3.0521344313317513
3.0237631856173266
3.016432660817827
2.7657665006270236
2.535623894722903
2.4126897402386476
1.716416074252038
0.878357049997021
0.38675986852490496
0.20531605761902938
0.20239266850626336
0.1998878172314562
0.19458026031179543
0.1888914520563958
0.16420527273135122
0.1287014134295532
0.08514181467648996
0.02810887987698152
0.013268532703477831
0.012814303858249332
0.012703554217296187
0.012599704905369435
0.012480213765456938
0.011660982174134915
0.010258834512114845
0.00478998876087644
0.0005888954997317342
0.0004996091452085238
0.0004899108294011967
0.00048764118150756985
0.00047309621277236147
0.0004465504732706904
0.0003667358389520814
0.00022784270390729944
7.571017840746208e-05
1.14203144221392e-05
6.789416602259735e-07
2.766978468571324e-08
2.2158474166644737e-08
2.209822014265228e-08
2.196952664235141e-08
2.1621417545247823e-08
2.064325599349104e-08
1.8095761333825067e-08
1.2604232324520126e-08
5.134324965183623e-09
7.973994797794148e-10
3.9335645851679146e-11
2.2737367544323206e-13
