98.6771465531618
32.44575018371194
7.195029432473608
0.6317045378344092
0.51589257499206
0.3731123808008581
0.31134440968603794
0.07489597227487947
0.07065514802935569
0.4970853393678126
0.007990623237153235
0.000465855810114116
1.0008149122701105e-05
5.459227092557542e-06
1.7046749014077355e-06
1.1910680659338204e-06
2.2480812426648642e-07
2.2475334787522706e-07
1.1348208890394893e-07
1.1348112159690593e-07
1.1348108074518244e-07
1.1253092588078351e-07
1.1253089917532783e-07
1.1253089917532783e-07
1.1253089917532783e-07
1.1253089917532783e-07
1.1253089917532783e-07
1.1253089917532783e-07
1.1253089917532783e-07
1.1253089917532783e-07
1.1253089917532783e-07
1.1253089917532783e-07
1.1253089917532783e-07
1.1253089917532783e-07
1.1253089917532783e-07
1.1253089917532783e-07
1.1253089917532783e-07
1.1253089917532783e-07
1.1253089917532783e-07
1.1253089917532783e-07
1.1253089917532783e-07
