152.36850521765282
116.3019842722316
84.61778131957
73.00839427670252
72.99915465357427
72.99160935886805
52.317360584868325
52.07599068989243
51.95327943580638
39.39764012105429
0.6775278251024516
0.054177699745997766
0.0026855471601641527
0.0005786488774776569
0.0005775050834610889
0.0005769952235187778
6.388687208283801e-05
6.388684913967507e-05
6.379339467238848e-05
6.379339183229903e-05
6.379339165400356e-05
6.379048142342072e-05
6.379048137873342e-05
6.379048137788338e-05
6.379048137788338e-05
6.379048137788338e-05
6.379048137788338e-05
6.379048137788338e-05
6.379048137788338e-05
6.379048137788338e-05
6.379048137788338e-05
6.379048137788338e-05
6.379048137788338e-05
6.379048137788338e-05
6.379048137788338e-05
6.379048137788338e-05
6.379048137788338e-05
6.379048137788338e-05
6.379048137788338e-05
6.379048137788338e-05
6.379048137788338e-05
