152.36850521765282
87.40135788635887
80.32965750236144
69.12207736936567
72.02809101719225
70.66958061737691
71.09947754241304
70.89546150236401
70.81021277539016
67.40152407853063
52.49049391970584
58.75979241391571
45.55539505868088
37.99596821682698
25.37259870414429
14.937752531708295
15.04905298310489
15.141621775749908
15.202039586128931
14.972875786884472
12.439980681801345
12.296180184058286
9.017071239071884
6.409570442510748
4.733081330874658
4.705048453497109
4.7137868184744
4.71274244157247
4.691774152465881
4.4975681545237896
4.071295446298959
2.6857518899527357
0.801487336240786
0.7498100768587409
0.7509437301688443
0.7513897466628392
0.7477046614581813
0.7282488452672508
0.6455989945308065
0.4571674217890869
0.17987392379316514
0.04878719081765669
0.02388313179046853
0.007031728476614674
0.0066401020904085966
0.006632812700583923
0.006610691108749561
0.0065401333451309595
0.006326104228191167
0.005739321821029161
0.0043900443164593865
0.0023329395861702933
0.0008550393528532333
0.0002482265911933644
3.6502070811590204e-05
