16.04473614692688
22.157299518585205
30.418009757995605
38.8483829498291
48.0150465965271
57.32642078399658
67.42016577720642
77.61313772201538
88.4303789138794
100.34840941429138
114.98685598373413
127.39069151878357
140.75541257858276
153.8060646057129
167.09319019317627
180.24266457557678
194.62922954559326
209.10725116729736
223.9693365097046
239.03376841545105
254.8529863357544
270.8697509765625
287.42006635665894
304.2729902267456
319.0054841041565
335.0332658290863
351.10114336013794
367.59087657928467
384.1594178676605
399.37301421165466
415.99428153038025
431.4508557319641
448.5429790019989
465.9795506000519
481.94575786590576
497.7800979614258
515.0449602603912
532.7389211654663
549.186226606369
566.9176557064056
585.2621834278107
