0
11.731277465820312
17.526328563690186
23.726575136184692
32.329535245895386
40.846410274505615
53.72627234458923
60.050809383392334
66.36088109016418
72.58855843544006
78.81980156898499
85.42855381965637
93.97363018989563
100.25172138214111
106.62539458274841
112.96759009361267
119.21870255470276
125.43189787864685
131.7515983581543
138.0219144821167
146.50007724761963
152.7865662574768
159.01657009124756
165.3274688720703
171.57439613342285
177.85355949401855
184.06326723098755
190.36700654029846
196.65255188941956
202.9284439086914
209.49006867408752
215.74092078208923
221.9793984889984
228.23401355743408
234.47582817077637
240.61305618286133
246.84571933746338
253.05524969100952
259.20851492881775
265.4109528064728
271.5653328895569
277.7452552318573
284.0535671710968
290.2475574016571
296.4904601573944
302.72381925582886
309.02964973449707
315.32456517219543
321.61638593673706
327.97796607017517
334.16175389289856
340.38825273513794
346.66016030311584
352.96415185928345
359.1818070411682
