498.5325122920988
231.07930987148507
49.822683335976535
3.402984899710418
2.515746652578855
2.2295493230310512
2.1002148185270926
0.8448048734762779
0.09938470393763055
0.019745172026887303
9.735132766763854e-05
1.7473666957812384e-08
3.332161213620566e-09
3.1739091355120763e-09
3.865352482534945e-11
2.0463630789890885e-11
2.0236257114447653e-11
2.000888343900442e-11
2.0691004465334117e-11
2.0691004465334117e-11
2.0691004465334117e-11
2.0691004465334117e-11
2.0691004465334117e-11
2.0691004465334117e-11
2.0691004465334117e-11
2.0691004465334117e-11
2.0691004465334117e-11
2.0691004465334117e-11
2.0691004465334117e-11
2.0691004465334117e-11
2.0691004465334117e-11
2.0691004465334117e-11
2.0691004465334117e-11
2.0691004465334117e-11
2.0691004465334117e-11
2.0691004465334117e-11
2.0691004465334117e-11
2.0691004465334117e-11
2.0691004465334117e-11
2.0691004465334117e-11
2.0691004465334117e-11
