29.153130504301984
19.199637383751067
7.811966165011377
1.3147053538752924
0.23751792999845275
0.2055798803887465
0.1325785285761367
0.3664246353715407
0.05792469670202593
0.07123344378409867
0.015736707339633497
2.6790086060288852e-05
1.8495026517973928e-05
3.4683530975092e-06
6.754109585957933e-06
3.233202300464934e-07
3.2329841487002847e-07
3.2329840195936615e-07
3.232984010143464e-07
3.232984010143464e-07
3.232984010143464e-07
3.232984010143464e-07
3.232984010143464e-07
3.232984010143464e-07
3.232984010143464e-07
3.232984010143464e-07
3.232984010143464e-07
3.232984010143464e-07
3.232984010143464e-07
3.232984010143464e-07
3.232984010143464e-07
3.232984010143464e-07
3.232984010143464e-07
3.232984010143464e-07
3.232984010143464e-07
3.232984010143464e-07
3.232984010143464e-07
3.232984010143464e-07
3.232984010143464e-07
3.232984010143464e-07
3.232984010143464e-07
