65.05547828898189
61.12446284582667
57.9917763302795
53.12088064910468
51.09039726201989
48.44516559816239
47.32763754172709
31.533346566786562
12.029505186856296
5.333714113961544
0.01786133342256601
0.005489852697082995
0.002077231686060061
0.0020695535556530956
0.00014110450146257423
0.00014015518530894472
0.00014015460184351367
0.00014015460155885901
0.00014015460153955788
0.00014015460153118538
0.00014015460153118538
0.00014015460153118538
0.00014015460153118538
0.00014015460153118538
0.00014015460153118538
0.00014015460153118538
0.00014015460153118538
0.00014015460153118538
0.00014015460153118538
0.00014015460153118538
0.00014015460153118538
0.00014015460153118538
0.00014015460153118538
0.00014015460153118538
0.00014015460153118538
0.00014015460153118538
0.00014015460153118538
0.00014015460153118538
0.00014015460153118538
0.00014015460153118538
0.00014015460153118538
