0
11.701097249984741
19.88937258720398
30.626681566238403
36.95283508300781
43.262351512908936
49.473466873168945
60.1229944229126
68.5922372341156
79.20349478721619
85.62113332748413
96.24661302566528
102.50928044319153
110.98006582260132
121.60316276550293
127.82908368110657
136.28686618804932
144.69535493850708
150.98645496368408
157.29655075073242
163.65529561042786
169.978018283844
176.28359532356262
182.58327507972717
188.88502073287964
195.19428062438965
201.42536425590515
207.79424452781677
214.10294580459595
220.44237565994263
226.6914803981781
232.93830132484436
239.16355299949646
245.38338088989258
251.62815117835999
257.8397538661957
264.14053988456726
270.39127564430237
276.54598212242126
282.8439824581146
289.17665791511536
295.5101742744446
301.7268967628479
307.96020245552063
314.2732787132263
320.5603744983673
327.1349368095398
333.40855860710144
339.54314851760864
345.8592598438263
352.0818018913269
358.4406785964966
364.6625771522522
370.8892283439636
377.3378207683563
383.5089797973633
389.7526898384094
