15.498936176300049
21.43136692047119
29.97187066078186
38.52047085762024
48.1860032081604
58.390347957611084
68.57596063613892
79.16747188568115
90.5895414352417
101.79953908920288
113.8424425125122
126.07877326011658
138.87542986869812
151.77495646476746
165.63423013687134
179.50154757499695
193.45423126220703
208.27921772003174
223.60034728050232
238.15061450004578
251.5351345539093
266.31816387176514
280.07498478889465
294.7513129711151
309.8500316143036
325.3167915344238
341.11337065696716
356.6716992855072
371.15435218811035
386.96247935295105
401.60751247406006
417.51807951927185
433.65734934806824
450.13072752952576
466.54155445098877
481.8291893005371
498.5508828163147
515.4091351032257
531.388364315033
548.5668482780457
566.8671731948853
