1355.231588913732
114.27392953919866
19.184110872332212
3.496731804828869
2.6614606121279394
2.502496522846741
2.4781252328314167
2.383688213260257
1.517978981655233
1.1325878245977492
0.5739566766012558
0.5458262973013461
0.5451651895862142
0.5376556066360081
0.5345017327101687
0.5120712900341005
0.46347223748125543
0.36424327162899317
0.15301839627636582
0.1173095912813551
0.11267061679609469
0.11190631391696115
0.1097036467349426
0.10681107262666956
0.08891855252772984
0.05750998012990749
0.02496364797411843
0.010838529176453449
0.009031709996861537
0.0089224007035682
0.008870818303194028
0.008673063589640151
0.00812547279087994
0.006933792954669116
0.004552763316496566
0.002021730281512646
0.0008099099550236133
0.0006403088309525629
0.0006310338296771079
0.0006290456267379341
0.0006203201417065429
0.0006016581460244197
0.0005522315475445794
0.00044698648252960993
0.0002675347054719168
8.911401573641342e-05
1.159396992989059e-05
4.569503744278336e-07
