9.109851661852423
3.5102180459625676
1.6438909751569364
0.551566909477577
0.20920765865737048
0.13533666122899107
0.09311287535847686
0.80960335873481
0.8242219449279077
0.21767111331736885
0.11427050836760141
0.1205704988171385
0.047877251398552055
0.04010440962417801
0.08588332110760415
0.21101567794932402
0.1651527744646892
0.05269823770498508
0.03490626806656414
0.01966310357778291
0.019783564680335042
0.022649446508048607
0.022741798687054546
0.030513347278615665
0.03447789483334971
0.018012409761803946
0.009606173246288468
0.005905134030966389
0.005680673650215385
0.005540391610494389
0.005418973635045715
0.005549193106349816
0.005144744400523129
0.004283130108610313
0.002410735188139815
0.002248110475975651
0.0014082209764104112
0.0012255920920542947
0.0012177619589160984
0.0012124107451469766
0.0012620405341857643
0.0014980856450885602
0.0020055649882277306
0.002477008958563952
0.0020650575358406643
0.0008110079195698954
8.284340075052709e-05
