0
11.680318593978882
17.541088581085205
26.06267237663269
34.61697840690613
40.92419981956482
47.321237564086914
53.77505683898926
60.25229001045227
66.63978028297424
73.03000950813293
79.6160352230072
86.16671323776245
94.73265194892883
101.1035304069519
107.5401918888092
114.07783722877502
120.61530995368958
127.0191125869751
133.31356000900269
139.58510303497314
145.93180418014526
152.29923963546753
158.69300818443298
165.11221194267273
171.59055352210999
178.0598268508911
184.4804072380066
190.75859379768372
197.01050543785095
203.66972708702087
209.9704122543335
216.25795602798462
222.45853209495544
228.7311987876892
235.02878618240356
241.37316608428955
247.60629057884216
253.94220304489136
260.2399823665619
266.4620409011841
272.7346704006195
279.0298581123352
285.3496482372284
291.5419294834137
297.8532612323761
304.08854031562805
310.3941316604614
