1355.231588913732
683.4356505964618
100.66512760085766
12.758812940474172
2.5467614252422663
2.530302650410931
2.111053597595401
0.996834393404697
0.4520416451973688
0.051601838354145
1.3084215197523008e-05
9.716999102238333e-06
3.6102392186876386e-09
3.6766323319170624e-10
5.7980287238024175e-11
5.866240826435387e-11
1.0913936421275139e-11
1.0231815394945443e-11
1.0686562745831907e-11
1.0459189070388675e-11
1.1368683772161603e-11
3.637978807091713e-12
0.0
2.2737367544323206e-13
4.547473508864641e-13
2.2737367544323206e-13
0.0
4.547473508864641e-13
6.821210263296962e-13
2.2737367544323206e-13
4.547473508864641e-13
4.547473508864641e-13
4.547473508864641e-13
4.547473508864641e-13
4.547473508864641e-13
4.547473508864641e-13
4.547473508864641e-13
4.547473508864641e-13
4.547473508864641e-13
4.547473508864641e-13
4.547473508864641e-13
