37.49216399052032
24.162943278477606
8.536800927745064
2.747556274175003
0.13230626809582363
0.10435603110030789
0.5334439950330709
0.7101652431418815
0.3586607740347804
0.18748446713521677
0.002910294644585077
0.0001748411419002881
3.4821882022456704e-05
2.5901869153587255e-06
4.790091562808511e-07
4.356974668951735e-07
4.934597944892263e-07
3.618259884601427e-07
2.2524067218382537e-07
2.246940337141933e-07
2.0173345727016117e-07
1.6405937744065647e-06
2.710843624798583e-08
2.6343358222824667e-08
2.6332752341079272e-08
2.6332739717803815e-08
2.6248559550027634e-08
2.624788445715372e-08
2.6247872875400213e-08
2.6206502114007387e-08
2.620643042267288e-08
2.620643042267288e-08
2.620643042267288e-08
2.620643042267288e-08
2.620643042267288e-08
2.620643042267288e-08
2.620643042267288e-08
2.620643042267288e-08
2.620643042267288e-08
2.620643042267288e-08
2.620643042267288e-08
