101.6947499140177
76.63443288939568
65.50676700695556
58.12952538626828
59.01159513675985
58.49393815214672
58.33958197774778
57.49518844805411
44.90836554922388
38.74333426228409
30.113288432668426
30.541944003775317
30.57974038440782
30.68773679706021
30.513957264698362
29.377128564072475
26.53885657499484
22.560037326726437
14.34798597463295
13.580469855685223
13.66772526579592
13.685491176532414
13.670249991961231
13.550464088080814
12.52379360905722
10.139017258901848
6.4789381135487485
3.9116294978108366
3.4648048504628
3.4658636268022383
3.4669494649054964
3.4601201284790237
3.4059153466372156
3.2246957746743417
2.701555387081674
1.8405381592417123
1.175572823975216
1.0590123894263415
1.0602027814724295
1.0611800632610522
1.0603964625581344
1.0500661392017425
1.0074505691601872
0.8900825281193766
0.6393723992827891
0.31186966542319666
0.10212255005441076
0.025687235045466404
0.004130787224202066
0.002554161169925416
0.002546141078603928
0.002542940866604272
0.0025127638100763436
0.0024398565505377653
0.0022376776267026316
0.0017970507167339195
0.0010851269944736751
0.00044555903373791214
0.00013070236478838866
