101.6947499140177
95.25441338442776
75.40993081593673
64.06792733620644
58.90024292186212
58.766552019106456
53.19670670868689
36.13456438092059
26.581221358305264
7.771840751516479
0.12169870720808419
0.12139085075229043
0.002134580067094512
0.0007026583861660799
0.0003104136476341227
0.00031025108475387145
0.00012532224504953506
0.00012527295418268764
0.00012518553839456877
0.00012518417134697946
0.00012501858548298036
6.567152393409488e-05
9.982415799553932e-06
9.981094607856835e-06
9.981073970484275e-06
9.981073967169185e-06
9.98090889164456e-06
9.980907602073322e-06
9.980907562467152e-06
9.98082502525526e-06
9.980824866417135e-06
9.980824866417135e-06
9.980824866417135e-06
9.980824866417135e-06
9.980824866417135e-06
9.980824866417135e-06
9.980824866417135e-06
9.980824866417135e-06
9.980824866417135e-06
9.980824866417135e-06
9.980824866417135e-06
