0
11.711856365203857
17.678038120269775
26.32008147239685
34.93784785270691
41.31727933883667
47.70810317993164
54.11448359489441
60.504903078079224
66.87178635597229
73.28343057632446
79.7961676120758
86.49075174331665
95.09316849708557
101.50991988182068
107.88705015182495
114.30544400215149
120.69866108894348
127.09272933006287
133.53425192832947
139.98937034606934
146.48959970474243
152.84673047065735
159.02803134918213
165.42222905158997
171.83634662628174
178.18127608299255
184.55317330360413
190.90589213371277
197.26409029960632
203.8687183856964
210.28307700157166
216.69214153289795
223.107239484787
229.45171689987183
235.84454011917114
242.27660942077637
248.5891375541687
255.00191164016724
261.43712306022644
267.8356909751892
274.1524314880371
280.56815004348755
287.39348578453064
293.77703070640564
300.22246742248535
306.61803221702576
312.91657757759094
319.3301031589508
325.9738438129425
332.4476730823517
338.9185149669647
345.4365622997284
351.8426537513733
358.1980667114258
364.5861015319824
370.9842851161957
377.40870547294617
383.7917203903198
