15.083463668823242
20.892621278762817
29.018415927886963
37.714372634887695
46.72161054611206
56.06007099151611
66.2690076828003
76.57173705101013
87.80988430976868
99.18483066558838
111.68153476715088
123.70714592933655
136.80737829208374
150.14861011505127
163.83736753463745
177.78862833976746
192.03156971931458
206.85576033592224
221.76663994789124
237.46573328971863
253.31330513954163
270.1966645717621
286.97543811798096
304.2097291946411
321.5463809967041
339.79133558273315
358.05021023750305
376.9223880767822
396.1340506076813
415.7897696495056
436.5888273715973
455.8489034175873
475.4122495651245
496.14078974723816
514.4341676235199
532.9756081104279
551.4827702045441
571.509459733963
590.0784358978271
608.5645577907562
627.0223519802094
